2.081686
2.088114
1.906551
1.966741
2.065217
2.050857
2.027020
2.018261
1.954912
1.962184
1.969804
2.030414
2.077752
2.035484
2.133432
2.137390
2.227227
2.170793
2.256141
2.158871
2.309902
2.382459
2.411729
2.341088
2.505091
2.470588
2.507612
2.497764
2.488064
2.582151
2.561601
2.628981
2.761529
2.783431
2.905218
2.961953
2.853288
2.908712
2.947584
3.032825
3.034071
3.061994
3.150799
3.277728
3.142947
3.226705
3.076732
3.057802
3.153105
2.981922
2.987920
2.907108
2.792791
2.734743
2.654415
2.682601
2.535521
2.447952
2.277734
2.197630
2.203516
1.986243
1.940400
1.909941
1.916611
1.834893
1.760365
1.675300
1.640557
1.501205
1.467741
1.315966
1.392397
1.412176
1.207827
1.315203
1.219614
1.244734
1.169230
1.069051
0.964778
1.001836
0.885605
0.894378
0.876835
0.949140
0.842911
0.835513
0.889423
0.872539
0.710135
0.764175
0.748842
0.712765
0.779706
0.679294
0.633146
0.548018
0.722388
0.604051
0.538782
0.567242
0.658962
0.604709
0.597036
0.502651
0.480769
0.524196
0.575456
0.414767
0.577453
0.546031
0.404058
0.433646
0.440871
0.442112
0.412358
0.325172
0.373275
0.408434
0.475040
0.318500
0.377959
0.450187
0.319119
0.419863
0.408362
0.444948
0.284076
0.402450
0.276209
0.249456
0.381675
0.216189
0.323067
0.365350
0.294059
0.379773
0.274799
0.350450
0.190441
0.313517
0.335013
0.292548
0.245238
0.226494
0.230869
0.274660
0.218116
0.164837
