1.923047
2.074578
1.924135
2.082089
2.010539
1.903369
1.988015
1.899372
1.951743
1.866308
1.903004
1.886204
1.918077
1.810059
1.858556
1.913429
1.885569
1.812670
1.804620
1.669882
1.720470
1.701042
1.699544
1.689225
1.618084
1.592128
1.558444
1.553563
1.556762
1.512888
1.403514
1.525885
1.394586
1.473642
1.413101
1.343361
1.216730
1.214071
1.193108
1.173553
1.126679
1.129511
1.184362
1.068845
1.156580
1.022040
1.079952
1.022352
1.019075
0.944077
0.961980
0.903322
0.858565
0.982078
0.930500
0.858488
0.928139
0.913860
0.853703
0.810698
0.833036
0.807325
0.728276
0.682155
0.726065
0.769496
0.635231
0.684419
0.637907
0.638835
0.723183
0.677767
0.593656
0.730417
0.628954
0.517968
0.541004
0.514322
0.659420
0.487985
0.505542
0.575645
0.585412
0.542859
0.569010
0.495590
0.533115
0.396265
0.448255
0.475183
0.498120
0.541546
0.384263
0.485835
0.531862
0.439315
0.336475
0.461012
0.434397
0.392116
0.344574
0.451200
0.447630
0.445114
0.274870
0.379748
0.302863
0.436434
0.405496
0.322179
0.327833
0.334422
0.389135
0.386085
0.397362
0.366579
0.219303
0.216031
0.388918
0.304133
0.362842
0.267041
0.363322
0.297582
0.333342
0.338056
0.286734
0.361655
0.345442
0.283538
0.199466
0.285863
0.211511
0.326839
0.326322
0.222939
0.205167
0.151436
0.324524
0.257645
0.203430
0.134363
0.143775
0.260895
0.157757
0.230707
0.278620
0.222633
0.249386
0.226177
