1.908110
1.977415
2.033927
2.063331
1.951958
2.004564
1.840197
1.831770
1.831243
1.852513
1.697262
1.664828
1.689513
1.538119
1.517898
1.404121
1.419554
1.291324
1.371120
1.234917
1.217786
1.321025
1.213022
1.103263
1.053955
1.180324
1.017201
1.054378
1.042495
0.974423
0.860248
0.851134
0.986078
0.867683
0.925942
0.856201
0.824597
0.877425
0.807555
0.810988
0.798378
0.792536
0.679981
0.760235
0.637041
0.677841
0.598011
0.620906
0.533596
0.687950
0.512780
0.489288
0.599549
0.585569
0.530313
0.514640
0.534271
0.619889
0.600178
0.497161
0.418630
0.400281
0.515859
0.420571
0.544935
0.456654
0.403717
0.513910
0.528754
0.462955
0.476811
0.481139
0.490673
0.488027
0.381108
0.392683
0.315944
0.431207
0.428908
0.354555
0.356550
0.257244
0.302835
0.252987
0.296374
0.278017
0.317306
0.256381
0.290761
0.407122
0.370354
0.297915
0.373727
0.198585
0.233976
0.239054
0.188134
0.255407
0.211050
0.254098
0.263825
0.174370
0.237572
0.336374
0.337785
0.259863
0.240773
0.332222
0.241377
0.197278
0.139912
0.267149
0.182843
0.139294
0.253503
0.188436
0.283533
0.135486
0.120187
0.162243
0.129889
0.230919
0.144342
0.294079
0.211596
0.102015
0.170554
0.200654
0.290349
0.288571
0.246878
0.177851
0.272210
0.273529
0.090932
0.082371
0.234282
0.110056
0.077972
0.149937
0.108662
0.110395
0.147061
0.138673
0.109840
0.230639
0.174974
0.175161
0.080277
0.128072
