1.274310e+00 
1.163220e+00 
1.068170e+00 
1.011080e+00 
9.909660e-01 
1.006640e+00 
1.051000e+00 
1.119300e+00 
1.215590e+00 
1.341130e+00 
1.470040e+00 
1.595980e+00 
1.731650e+00 
1.857810e+00 
1.974620e+00 
2.088600e+00 
2.187470e+00 
2.274720e+00 
2.348730e+00 
2.404100e+00 
2.448060e+00 
2.480120e+00 
2.491790e+00 
2.494170e+00 
2.482660e+00 
2.455670e+00 
2.429270e+00 
2.393920e+00 
2.345530e+00 
2.299680e+00 
2.249770e+00 
2.203750e+00 
2.166860e+00 
2.122350e+00 
2.088230e+00 
2.062940e+00 
2.034880e+00 
2.018690e+00 
2.006550e+00 
1.992890e+00 
1.984520e+00 
1.974410e+00 
1.959030e+00 
1.943490e+00 
1.923880e+00 
1.895880e+00 
1.865010e+00 
1.829890e+00 
1.789360e+00 
1.744730e+00 
1.695840e+00 
1.641150e+00 
1.582510e+00 
1.521660e+00 
1.458970e+00 
1.392400e+00 
1.317640e+00 
1.241640e+00 
1.163400e+00 
1.074710e+00 
9.810920e-01 
8.862920e-01 
7.856630e-01 
6.754710e-01 
5.645750e-01 
4.502970e-01 
3.330050e-01 
2.135380e-01 
8.689920e-02 
-3.544810e-02 
-1.507450e-01 
-2.548090e-01 
-3.494940e-01 
-4.386890e-01 
-5.210730e-01 
-5.927530e-01 
-6.563850e-01 
-7.198320e-01 
-7.807040e-01 
-8.436500e-01 
-9.054030e-01 
-9.696680e-01 
-1.036840e+00 
-1.102930e+00 
-1.172280e+00 
-1.242100e+00 
-1.308210e+00 
-1.374290e+00 
-1.438030e+00 
-1.490070e+00 
-1.539760e+00 
-1.572080e+00 
-1.595180e+00 
-1.609410e+00 
-1.598590e+00 
-1.575210e+00 
-1.544330e+00 
-1.485500e+00 
-1.423350e+00 
-1.344880e+00 
-1.270480e+00 
-1.170750e+00 
-1.081720e+00 
-9.816550e-01 
-8.914150e-01 
-7.987350e-01 
-7.207860e-01 
-6.284460e-01 
-5.642540e-01 
-4.953920e-01 
-4.282450e-01 
-3.874780e-01 
-3.445820e-01 
-3.025090e-01 
-2.762760e-01 
-2.667240e-01 
-2.602750e-01 
-2.320010e-01 
-2.164700e-01 
-2.132900e-01 
-1.907490e-01 
-1.790970e-01 
-1.780600e-01 
-1.491190e-01 
-1.436250e-01 
-1.175610e-01 
-1.029620e-01 
-8.141110e-02 
-5.331860e-02 
-2.425940e-02 
3.846990e-03 
3.248770e-02 
3.929960e-02 
4.874500e-02 
4.213010e-02 
4.620270e-02 
2.071940e-02 
1.815180e-03 
-2.250990e-02 
-5.086000e-02 
-8.415220e-02 
-1.136810e-01 
-1.142920e-01 
-1.141450e-01 
-9.156420e-02 
-5.806390e-02 
-1.382040e-02 
8.649070e-02 
1.970470e-01 
3.113660e-01 
4.278730e-01 
5.508070e-01 
6.888920e-01 
8.085780e-01 
9.018660e-01 
9.757070e-01 
1.025350e+00 
1.054060e+00 
1.064610e+00 
1.054450e+00 
1.034040e+00 
1.002700e+00 
9.728880e-01 
9.285580e-01 
9.140060e-01 
8.836970e-01 
8.726320e-01 
8.314940e-01 
7.984760e-01 
7.847190e-01 
7.506970e-01 
7.363950e-01 
7.343290e-01 
7.335260e-01 
7.240930e-01 
6.909330e-01 
6.742020e-01 
5.850450e-01 
5.041330e-01 
3.763260e-01 
2.724070e-01 
1.851710e-01 
1.741270e-01 
2.405100e-01 
3.318450e-01 
5.223830e-01 
7.173400e-01 
9.415190e-01 
1.133680e+00 
1.322810e+00 
1.469180e+00 
1.618580e+00 
1.710930e+00 
1.778790e+00 
1.834770e+00 
1.860500e+00 
1.860310e+00 
1.849590e+00 
1.822410e+00 
1.781820e+00 
1.733740e+00 
1.674840e+00 
1.609980e+00 
1.541090e+00 
1.472130e+00 
1.407880e+00 
1.345080e+00 
1.283140e+00 
1.223330e+00 
1.164420e+00 
1.108860e+00 
1.053440e+00 
9.998400e-01 
9.479450e-01 
8.948650e-01 
8.408900e-01 
7.873220e-01 
7.332980e-01 
6.756040e-01 
6.180630e-01 
5.653900e-01 
5.112460e-01 
4.559270e-01 
4.030350e-01 
3.521960e-01 
3.003820e-01 
2.486790e-01 
2.010960e-01 
1.589840e-01 
1.179650e-01 
7.724610e-02 
3.531100e-02 
-6.157300e-03 
-4.223740e-02 
-7.727130e-02 
-1.125920e-01 
-1.470260e-01 
-1.750570e-01 
-2.035330e-01 
-2.310410e-01 
-2.518740e-01 
-2.714910e-01 
-2.892210e-01 
-3.018130e-01 
-3.131910e-01 
-3.234960e-01 
-3.302030e-01 
-3.373700e-01 
-3.436600e-01 
-3.511820e-01 
-3.596980e-01 
-3.696390e-01 
-3.849690e-01 
-4.018470e-01 
-4.272730e-01 
-4.543360e-01 
-4.935720e-01 
-5.380250e-01 
-5.936860e-01 
-6.567200e-01 
-7.322450e-01 
-8.178470e-01 
-9.141240e-01 
-1.022760e+00 
-1.142960e+00 
-1.273810e+00 
-1.418170e+00 
-1.571890e+00 
-1.739260e+00 
-1.915840e+00 
-2.103030e+00 
-2.301980e+00 
-2.498730e+00 
-2.710200e+00 
-2.916830e+00 
-3.115390e+00 
-3.309190e+00 
-3.483970e+00 
-3.643670e+00 
-3.775120e+00 
-3.875750e+00 
-3.956890e+00 
-4.005850e+00 
-4.028030e+00 
-4.025650e+00 
-4.001170e+00 
-3.961140e+00 
-3.905720e+00 
-3.836600e+00 
-3.756620e+00 
-3.669570e+00 
-3.578450e+00 
-3.482950e+00 
-3.384220e+00 
-3.283270e+00 
-3.181380e+00 
-3.079040e+00 
-2.976420e+00 
-2.873740e+00 
-2.771090e+00 
-2.665080e+00 
-2.559910e+00 
-2.456250e+00 
-2.353000e+00 
-2.256800e+00 
-2.162690e+00 
-2.068000e+00 
-1.976300e+00 
-1.888420e+00 
-1.805200e+00 
-1.733450e+00 
-1.679490e+00 
-1.635310e+00 
-1.602410e+00 
-1.581910e+00 
-1.575660e+00 
-1.591450e+00 
-1.616960e+00 
-1.641960e+00 
-1.658830e+00 
-1.660730e+00 
-1.594830e+00 
-1.448700e+00 
-1.281550e+00 
-1.062080e+00 
-8.111000e-01 
-5.981460e-01 
-4.031380e-01 
-2.822380e-01 
-1.859450e-01 
-1.528870e-01 
-1.293590e-01 
-1.479180e-01 
-1.790600e-01 
-2.177410e-01 
-2.669110e-01 
-3.147130e-01 
-3.602370e-01 
-4.070260e-01 
-4.590830e-01 
-4.956450e-01 
-5.354360e-01 
-5.761850e-01 
-6.271280e-01 
-6.956330e-01 
-7.851180e-01 
-8.958500e-01 
-1.025670e+00 
-1.160470e+00 
-1.300790e+00 
-1.437440e+00 
-1.517900e+00 
-1.540720e+00 
-1.540680e+00 
-1.479000e+00 
-1.402970e+00 
-1.282850e+00 
-1.152010e+00 
-1.025370e+00 
-8.843170e-01 
-7.373310e-01 
-5.908540e-01 
-4.450060e-01 
-3.160420e-01 
-1.696240e-01 
-2.872060e-02 
1.024230e-01 
2.275380e-01 
3.288190e-01 
4.256390e-01 
5.073970e-01 
5.950250e-01 
6.585440e-01 
7.129910e-01 
7.434560e-01 
7.713970e-01 
7.888500e-01 
8.122610e-01 
8.304050e-01 
8.640370e-01 
8.924400e-01 
9.411860e-01 
9.701930e-01 
1.021770e+00 
1.052180e+00 
1.074770e+00 
1.085860e+00 
1.066340e+00 
1.032830e+00 
9.907140e-01 
9.398730e-01 
8.812300e-01 
8.083740e-01 
7.384080e-01 
6.801630e-01 
6.286150e-01 
5.721660e-01 
5.041740e-01 
4.174530e-01 
2.819160e-01 
1.146570e-01 
-8.087680e-02 
-3.200990e-01 
-6.019640e-01 
-9.007910e-01 
-1.216740e+00 
-1.506840e+00 
-1.779630e+00 
-1.991020e+00 
-2.211880e+00 
-2.369430e+00 
-2.533910e+00 
-2.672570e+00 
-2.841370e+00 
-2.967930e+00 
-3.104460e+00 
-3.235700e+00 
-3.292330e+00 
-3.334460e+00 
-3.353150e+00 
-3.335360e+00 
-3.310520e+00 
-3.235500e+00 
-3.146840e+00 
-3.008570e+00 
-2.911410e+00 
-2.777760e+00 
-2.682360e+00 
-2.567370e+00 
-2.465490e+00 
-2.338250e+00 
-2.291520e+00 
-2.230200e+00 
-2.241970e+00 
-2.247650e+00 
-2.275070e+00 
-2.373940e+00 
-2.477450e+00 
-2.615200e+00 
-2.783540e+00 
-2.957910e+00 
-3.135960e+00 
-3.308370e+00 
-3.470230e+00 
-3.612760e+00 
-3.729570e+00 
-3.805900e+00 
-3.832250e+00 
-3.795530e+00 
-3.694450e+00 
-3.537090e+00 
-3.324020e+00 
-3.069370e+00 
-2.776590e+00 
-2.467300e+00 
-2.150530e+00 
-1.850220e+00 
-1.560720e+00 
-1.286540e+00 
-1.036860e+00 
-8.112320e-01 
-5.977920e-01 
-4.038850e-01 
-2.281490e-01 
-7.399860e-02 
7.403060e-02 
2.092630e-01 
3.337730e-01 
4.518770e-01 
5.647580e-01 
6.703550e-01 
7.741620e-01 
8.802090e-01 
9.821410e-01 
1.086530e+00 
1.192770e+00 
1.297420e+00 
1.404780e+00 
1.509090e+00 
1.615040e+00 
1.721810e+00 
1.824610e+00 
1.922980e+00 
2.016000e+00 
2.108540e+00 
2.198100e+00 
2.283290e+00 
2.362800e+00 
2.436910e+00 
2.507500e+00 
2.573520e+00 
2.634940e+00 
2.690100e+00 
2.740520e+00 
2.785740e+00 
2.825510e+00 
2.861290e+00 
2.890660e+00 
2.914530e+00 
2.933030e+00 
2.945570e+00 
2.953170e+00 
2.955040e+00 
2.952780e+00 
2.945310e+00 
2.932010e+00 
2.915220e+00 
2.894510e+00 
2.870200e+00 
2.843440e+00 
2.813800e+00 
2.782170e+00 
2.750710e+00 
2.719330e+00 
2.687720e+00 
2.657770e+00 
2.632070e+00 
2.609770e+00 
2.592030e+00 
2.576780e+00 
2.563080e+00 
2.552750e+00 
2.545750e+00 
2.538070e+00 
2.529430e+00 
2.517570e+00 
2.503590e+00 
2.485490e+00 
2.460150e+00 
2.428920e+00 
2.392850e+00 
2.349660e+00 
2.298950e+00 
2.242370e+00 
2.180300e+00 
2.113590e+00 
2.040990e+00 
1.965440e+00 
1.888950e+00 
1.808740e+00 
1.732850e+00 
1.657720e+00 
1.585020e+00 
1.517620e+00 
1.447050e+00 
1.381330e+00 
1.308990e+00 
1.241060e+00 
1.160570e+00 
1.087840e+00 
1.002060e+00 
9.136270e-01 
8.093960e-01 
6.950910e-01 
5.622190e-01 
4.088300e-01 
2.250450e-01 
1.672020e-02 
-2.401940e-01 
-5.395290e-01 
-8.831500e-01 
-1.269270e+00 
-1.702230e+00 
-2.172980e+00 
-2.664740e+00 
-3.155280e+00 
-3.583530e+00 
-3.944790e+00 
-4.209500e+00 
-4.365550e+00 
-4.416890e+00 
-4.390000e+00 
-4.309740e+00 
-4.181960e+00 
-4.044470e+00 
-3.909370e+00 
-3.793590e+00 
-3.706530e+00 
-3.636690e+00 
-3.611780e+00 
-3.631780e+00 
-3.660930e+00 
-3.734330e+00 
-3.838740e+00 
-3.943980e+00 
-4.084830e+00 
-4.222170e+00 
-4.400430e+00 
-4.553170e+00 
-4.739630e+00 
-4.933840e+00 
-5.147540e+00 
-5.381370e+00 
-5.589840e+00 
-5.829600e+00 
-6.077680e+00 
-6.310750e+00 
-6.543960e+00 
-6.750260e+00 
-6.938280e+00 
-7.076910e+00 
-7.198580e+00 
-7.259750e+00 
-7.302970e+00 
-7.307930e+00 
-7.305130e+00 
-7.264820e+00 
-7.220680e+00 
-7.169140e+00 
-7.099590e+00 
-7.040890e+00 
-6.947850e+00 
-6.866120e+00 
-6.754530e+00 
-6.647120e+00 
-6.521440e+00 
-6.391810e+00 
-6.244090e+00 
-6.091170e+00 
-5.917700e+00 
-5.742570e+00 
-5.546840e+00 
-5.349310e+00 
-5.143400e+00 
-4.931750e+00 
-4.721630e+00 
-4.509420e+00 
-4.299070e+00 
-4.094280e+00 
-3.894610e+00 
-3.697650e+00 
-3.508780e+00 
-3.327920e+00 
-3.155060e+00 
-2.988010e+00 
-2.826850e+00 
-2.672390e+00 
-2.524650e+00 
-2.382820e+00 
-2.246570e+00 
-2.115060e+00 
-1.987200e+00 
-1.862140e+00 
-1.737710e+00 
-1.615840e+00 
-1.495640e+00 
-1.376670e+00 
-1.258010e+00 
-1.141640e+00 
-1.026120e+00 
-9.102300e-01 
-7.956650e-01 
-6.851370e-01 
-5.800880e-01 
-4.785300e-01 
-3.818490e-01 
-2.917620e-01 
-2.041910e-01 
-1.290400e-01 
-5.786770e-02 
9.261540e-04 
5.346360e-02 
9.692150e-02 
1.349860e-01 
1.655070e-01 
1.921100e-01 
2.161200e-01 
2.384040e-01 
2.607640e-01 
2.830010e-01 
3.125180e-01 
3.439470e-01 
3.743710e-01 
4.097720e-01 
4.561650e-01 
5.005940e-01 
5.423310e-01 
6.006150e-01 
6.519910e-01 
6.960310e-01 
7.598070e-01 
8.025540e-01 
8.550580e-01 
9.001690e-01 
9.416020e-01 
9.700170e-01 
1.006310e+00 
1.008320e+00 
1.033710e+00 
1.029900e+00 
1.011650e+00 
1.013080e+00 
9.720260e-01 
9.358820e-01 
9.017280e-01 
8.592450e-01 
7.918680e-01 
7.278680e-01 
6.602190e-01 
6.076720e-01 
5.240030e-01 
4.554930e-01 
3.720520e-01 
2.984110e-01 
2.351410e-01 
1.508310e-01 
7.960530e-02 
3.472920e-03 
-7.801640e-02 
-1.327600e-01 
-2.038650e-01 
-2.821250e-01 
-3.447060e-01 
-4.150220e-01 
-4.815000e-01 
-5.415570e-01 
-6.173460e-01 
-6.879840e-01 
-7.553660e-01 
-8.366650e-01 
-9.090950e-01 
-9.943110e-01 
-1.095430e+00 
-1.175980e+00 
-1.272240e+00 
-1.377020e+00 
-1.479040e+00 
-1.598470e+00 
-1.713240e+00 
-1.825780e+00 
-1.953440e+00 
-2.078940e+00 
-2.211790e+00 
-2.356770e+00 
-2.490870e+00 
-2.621800e+00 
-2.760260e+00 
-2.893490e+00 
-3.024530e+00 
-3.157920e+00 
-3.291210e+00 
-3.407370e+00 
-3.519280e+00 
-3.620030e+00 
-3.714480e+00 
-3.789460e+00 
-3.859670e+00 
-3.927970e+00 
-3.995290e+00 
-4.060310e+00 
-4.110680e+00 
-4.157900e+00 
-4.206790e+00 
-4.257530e+00 
-4.304900e+00 
-4.343920e+00 
-4.381900e+00 
-4.415920e+00 
-4.450720e+00 
-4.486740e+00 
-4.523730e+00 
-4.554400e+00 
-4.576450e+00 
-4.591010e+00 
-4.601270e+00 
-4.610820e+00 
-4.615880e+00 
-4.610860e+00 
-4.602980e+00 
-4.588770e+00 
-4.559740e+00 
-4.526690e+00 
-4.481290e+00 
-4.435030e+00 
-4.387510e+00 
-4.329660e+00 
-4.251250e+00 
-4.173830e+00 
-4.098340e+00 
-4.013880e+00 
-3.923930e+00 
-3.837170e+00 
-3.748580e+00 
-3.650010e+00 
-3.557580e+00 
-3.468450e+00 
-3.377140e+00 
-3.293790e+00 
-3.214410e+00 
-3.136850e+00 
-3.071740e+00 
-3.013240e+00 
-2.962590e+00 
-2.923010e+00 
-2.889640e+00 
-2.868690e+00 
-2.857520e+00 
-2.863930e+00 
-2.881630e+00 
-2.911230e+00 
-2.951370e+00 
-3.003510e+00 
-3.065460e+00 
-3.141980e+00 
-3.229810e+00 
-3.328670e+00 
-3.432920e+00 
-3.547120e+00 
-3.666550e+00 
-3.795050e+00 
-3.932070e+00 
-4.066430e+00 
-4.207680e+00 
-4.352020e+00 
-4.491940e+00 
-4.635470e+00 
-4.781620e+00 
-4.917870e+00 
-5.048990e+00 
-5.180140e+00 
-5.309710e+00 
-5.423150e+00 
-5.525100e+00 
-5.624790e+00 
-5.708270e+00 
-5.765000e+00 
-5.817880e+00 
-5.837950e+00 
-5.849850e+00 
-5.839470e+00 
-5.815110e+00 
-5.788350e+00 
-5.750910e+00 
-5.712710e+00 
-5.672660e+00 
-5.621830e+00 
-5.575920e+00 
-5.527810e+00 
-5.489840e+00 
-5.420490e+00 
-5.361850e+00 
-5.298630e+00 
-5.217240e+00 
-5.136080e+00 
-5.052360e+00 
-4.949690e+00 
-4.861350e+00 
-4.742160e+00 
-4.630850e+00 
-4.521960e+00 
-4.402950e+00 
-4.272130e+00 
-4.144420e+00 
-4.018520e+00 
-3.891610e+00 
-3.766410e+00 
-3.637710e+00 
-3.510630e+00 
-3.381860e+00 
-3.261340e+00 
-3.140270e+00 
-3.028330e+00 
-2.920960e+00 
-2.821890e+00 
-2.732120e+00 
-2.649790e+00 
-2.574340e+00 
-2.508390e+00 
-2.453090e+00 
-2.406930e+00 
-2.366380e+00 
-2.336900e+00 
-2.315280e+00 
-2.302170e+00 
-2.298770e+00 
-2.301590e+00 
-2.309650e+00 
-2.327510e+00 
-2.349980e+00 
-2.378070e+00 
-2.406700e+00 
-2.436530e+00 
-2.470830e+00 
-2.506800e+00 
-2.541280e+00 
-2.574100e+00 
-2.605280e+00 
-2.634080e+00 
-2.663390e+00 
-2.689600e+00 
-2.716870e+00 
-2.748830e+00 
-2.782380e+00 
-2.824070e+00 
-2.869750e+00 
-2.923350e+00 
-2.984590e+00 
-3.043690e+00 
-3.112790e+00 
-3.181680e+00 
-3.237650e+00 
-3.318230e+00 
-3.396360e+00 
-3.459800e+00 
-3.541530e+00 
-3.611520e+00 
-3.669850e+00 
-3.741350e+00 
-3.793750e+00 
-3.839820e+00 
-3.889250e+00 
-3.910380e+00 
-3.930860e+00 
-3.933500e+00 
-3.909920e+00 
-3.889730e+00 
-3.840810e+00 
-3.788820e+00 
-3.730020e+00 
-3.662470e+00 
-3.604780e+00 
-3.540410e+00 
-3.481920e+00 
-3.424990e+00 
-3.373420e+00 
-3.326460e+00 
-3.282880e+00 
-3.241990e+00 
-3.204610e+00 
-3.169840e+00 
-3.141430e+00 
-3.116460e+00 
-3.095490e+00 
-3.078110e+00 
-3.064330e+00 
-3.055920e+00 
-3.050820e+00 
-3.049630e+00 
-3.053980e+00 
-3.063700e+00 
-3.078410e+00 
-3.100560e+00 
-3.127940e+00 
-3.158320e+00 
-3.196910e+00 
-3.243050e+00 
-3.289900e+00 
-3.337720e+00 
-3.399020e+00 
-3.465440e+00 
-3.535580e+00 
-3.601170e+00 
-3.666120e+00 
-3.737650e+00 
-3.808330e+00 
-3.878540e+00 
-3.953290e+00 
-4.026590e+00 
-4.093880e+00 
-4.150360e+00 
-4.198530e+00 
-4.240340e+00 
-4.273370e+00 
-4.288560e+00 
-4.284900e+00 
-4.258810e+00 
-4.209360e+00 
-4.140970e+00 
-4.047940e+00 
-3.935350e+00 
-3.822550e+00 
-3.700620e+00 
-3.586730e+00 
-3.471240e+00 
-3.369980e+00 
-3.268940e+00 
-3.177870e+00 
-3.093740e+00 
-3.016720e+00 
-2.945150e+00 
-2.878560e+00 
-2.818190e+00 
-2.762840e+00 
-2.710950e+00 
-2.663430e+00 
-2.617390e+00 
-2.573370e+00 
-2.537450e+00 
-2.502260e+00 
-2.466220e+00 
-2.434750e+00 
-2.403770e+00 
-2.367670e+00 
-2.327910e+00 
-2.286840e+00 
-2.233590e+00 
-2.173750e+00 
-2.114570e+00 
-2.054130e+00 
-1.984980e+00 
-1.910510e+00 
-1.836380e+00 
-1.763800e+00 
-1.679810e+00 
-1.603150e+00 
-1.529300e+00 
-1.443960e+00 
-1.367170e+00 
-1.282250e+00 
-1.205200e+00 
-1.128640e+00 
-1.053510e+00 
-9.822060e-01 
-9.143990e-01 
-8.475570e-01 
-7.916590e-01 
-7.291470e-01 
-6.879130e-01 
-6.270710e-01 
-5.759000e-01 
-5.268580e-01 
-4.689790e-01 
-4.289910e-01 
-3.838290e-01 
-3.334640e-01 
-2.996220e-01 
-2.713430e-01 
-2.312710e-01 
-1.976600e-01 
-1.721030e-01 
-1.614270e-01 
-1.442360e-01 
-1.221680e-01 
-1.098750e-01 
-9.939270e-02 
-8.805840e-02 
-7.808730e-02 
-3.681770e-02 
9.555710e-03 
5.708630e-02 
1.148940e-01 
1.860480e-01 
2.647120e-01 
3.566200e-01 
4.681690e-01 
5.875770e-01 
7.131800e-01 
8.482690e-01 
9.820040e-01 
1.110830e+00 
1.237550e+00 
1.354340e+00 
1.458720e+00 
1.548640e+00 
1.623380e+00 
1.680810e+00 
1.718910e+00 
1.735880e+00 
1.729930e+00 
1.699610e+00 
1.644050e+00 
1.563810e+00 
1.453390e+00 
1.311650e+00 
1.138520e+00 
9.542090e-01 
7.322870e-01 
4.999050e-01 
2.726910e-01 
3.297950e-02 
-1.652840e-01 
-3.677910e-01 
-5.145490e-01 
-6.619390e-01 
-7.633630e-01 
-8.391850e-01 
-8.825850e-01 
-8.934720e-01 
-8.912500e-01 
-8.614910e-01 
-8.109080e-01 
-7.405200e-01 
-6.714890e-01 
-5.822770e-01 
-5.006340e-01 
-4.072320e-01 
-3.231600e-01 
-2.474310e-01 
-1.763010e-01 
-1.201240e-01 
-7.588550e-02 
-5.713100e-02 
-5.260030e-02 
-7.197110e-02 
-1.145090e-01 
-1.804450e-01 
-2.688190e-01 
-3.734170e-01 
-4.905040e-01 
-6.126550e-01 
-7.366880e-01 
-8.581460e-01 
-9.783380e-01 
-1.085160e+00 
-1.187380e+00 
-1.275730e+00 
-1.346390e+00 
-1.404500e+00 
-1.444120e+00 
-1.473160e+00 
-1.476280e+00 
-1.471110e+00 
-1.452550e+00 
-1.420000e+00 
-1.379800e+00 
-1.325420e+00 
-1.263830e+00 
-1.199410e+00 
-1.120220e+00 
-1.035230e+00 
-9.567520e-01 
-8.603210e-01 
-7.622130e-01 
-6.757770e-01 
-5.890250e-01 
-5.013900e-01 
-4.238090e-01 
-3.518870e-01 
-2.981030e-01 
-2.563410e-01 
-2.264360e-01 
-2.150720e-01 
-2.174210e-01 
-2.334990e-01 
-2.621270e-01 
-3.048090e-01 
-3.577600e-01 
-4.251490e-01 
-5.015400e-01 
-5.873520e-01 
-6.848740e-01 
-7.836120e-01 
-8.886300e-01 
-9.965220e-01 
-1.098070e+00 
-1.198760e+00 
-1.286980e+00 
-1.357940e+00 
-1.415110e+00 
-1.465290e+00 
-1.511800e+00 
-1.550240e+00 
-1.551220e+00 
-1.559530e+00 
-1.533320e+00 
-1.496800e+00 
-1.424230e+00 
-1.336260e+00 
-1.224770e+00 
-1.106960e+00 
-9.676850e-01 
-8.613070e-01 
-7.369780e-01 
-6.539800e-01 
-5.304130e-01 
-4.520640e-01 
-3.667690e-01 
-3.004450e-01 
-2.229560e-01 
-1.726290e-01 
-1.036490e-01 
-4.761260e-02 
-1.783700e-03 
5.001880e-02 
9.302370e-02 
1.330950e-01 
1.844790e-01 
2.319390e-01 
2.778460e-01 
3.331370e-01 
3.825860e-01 
4.286320e-01 
4.773330e-01 
5.278530e-01 
5.732750e-01 
6.200260e-01 
6.646790e-01 
7.047480e-01 
7.368710e-01 
7.625760e-01 
7.847570e-01 
8.039800e-01 
8.187240e-01 
8.270510e-01 
8.306580e-01 
8.318600e-01 
8.287770e-01 
8.225890e-01 
8.129970e-01 
8.012160e-01 
7.850430e-01 
7.652110e-01 
7.410410e-01 
7.107210e-01 
6.753580e-01 
6.347730e-01 
5.881140e-01 
5.321310e-01 
4.702540e-01 
4.004900e-01 
3.225240e-01 
2.342630e-01 
1.433130e-01 
3.688380e-02 
-6.956420e-02 
-1.899330e-01 
-3.122070e-01 
-4.422090e-01 
-5.770280e-01 
-7.112150e-01 
-8.521130e-01 
-9.834870e-01 
-1.114840e+00 
-1.232270e+00 
-1.344240e+00 
-1.442860e+00 
-1.519350e+00 
-1.579600e+00 
-1.608310e+00 
-1.627940e+00 
-1.618550e+00 
-1.575530e+00 
-1.521080e+00 
-1.444060e+00 
-1.357220e+00 
-1.245940e+00 
-1.127300e+00 
-1.024080e+00 
-9.075980e-01 
-8.033730e-01 
-7.256710e-01 
-6.600540e-01 
-6.143710e-01 
-5.921730e-01 
-5.987860e-01 
-6.325970e-01 
-6.969330e-01 
-7.852170e-01 
-8.934880e-01 
-1.021090e+00 
-1.176860e+00 
-1.345450e+00 
-1.522180e+00 
-1.701930e+00 
-1.876760e+00 
-2.036920e+00 
-2.170910e+00 
-2.269440e+00 
-2.324780e+00 
-2.329230e+00 
-2.295060e+00 
-2.226100e+00 
-2.128670e+00 
-2.009610e+00 
-1.876780e+00 
-1.739780e+00 
-1.602290e+00 
-1.473120e+00 
-1.352690e+00 
-1.242870e+00 
-1.149440e+00 
-1.067050e+00 
-1.006840e+00 
-9.550740e-01 
-9.290550e-01 
-9.115480e-01 
-9.131780e-01 
-9.215540e-01 
-9.474250e-01 
-9.806420e-01 
-1.031590e+00 
-1.089380e+00 
-1.153480e+00 
-1.227890e+00 
-1.303300e+00 
-1.388890e+00 
-1.480470e+00 
-1.568600e+00 
-1.651860e+00 
-1.722840e+00 
-1.779150e+00 
-1.821730e+00 
-1.842710e+00 
-1.852940e+00 
-1.855100e+00 
-1.848930e+00 
-1.834280e+00 
-1.819000e+00 
-1.806200e+00 
-1.793050e+00 
-1.777540e+00 
-1.761650e+00 
-1.747970e+00 
-1.726570e+00 
-1.699480e+00 
-1.666210e+00 
-1.629860e+00 
-1.589550e+00 
-1.526060e+00 
-1.457360e+00 
-1.381970e+00 
-1.289770e+00 
-1.205350e+00 
-1.114300e+00 
-1.033890e+00 
-9.559110e-01 
-9.056780e-01 
-8.678130e-01 
-8.842920e-01 
-9.326070e-01 
-1.046060e+00 
-1.198560e+00 
-1.438170e+00 
-1.725200e+00 
-2.044490e+00 
-2.338350e+00 
-2.549150e+00 
-2.712200e+00 
-2.824910e+00 
-2.872810e+00 
-2.990360e+00 
-3.332330e+00 
-3.834720e+00 
-4.613610e+00 
-5.499090e+00 
-6.299030e+00 
-6.723400e+00 
-6.545310e+00 
-6.302530e+00 
-5.862460e+00 
-5.516840e+00 
-5.199340e+00 
-4.920430e+00 
-4.669650e+00 
-4.449340e+00 
-4.256730e+00 
-4.095500e+00 
-3.951480e+00 
-3.824840e+00 
-3.717800e+00 
-3.631000e+00 
-3.554280e+00 
-3.489900e+00 
-3.439250e+00 
-3.393850e+00 
-3.353790e+00 
-3.310490e+00 
-3.270360e+00 
-3.236160e+00 
-3.197530e+00 
-3.156770e+00 
-3.120860e+00 
-3.097100e+00 
-3.078140e+00 
-3.065770e+00 
-3.068260e+00 
-3.075150e+00 
-3.092040e+00 
-3.132400e+00 
-3.186160e+00 
-3.244540e+00 
-3.317050e+00 
-3.389260e+00 
-3.462170e+00 
-3.546810e+00 
-3.602980e+00 
-3.660190e+00 
-3.712000e+00 
-3.734010e+00 
-3.740390e+00 
-3.738800e+00 
-3.720580e+00 
-3.686210e+00 
-3.656390e+00 
-3.611510e+00 
-3.555670e+00 
-3.505390e+00 
-3.452470e+00 
-3.393610e+00 
-3.341800e+00 
-3.292260e+00 
-3.256770e+00 
-3.230040e+00 
-3.197020e+00 
-3.167370e+00 
-3.147590e+00 
-3.136490e+00 
-3.133210e+00 
-3.137160e+00 
-3.146170e+00 
-3.159390e+00 
-3.166920e+00 
-3.168740e+00 
-3.175550e+00 
-3.185690e+00 
-3.189790e+00 
-3.181540e+00 
-3.178130e+00 
-3.176230e+00 
-3.154210e+00 
-3.134470e+00 
-3.100280e+00 
-3.053940e+00 
-3.015160e+00 
-2.966390e+00 
-2.924350e+00 
-2.863820e+00 
-2.807980e+00 
-2.762160e+00 
-2.729920e+00 
-2.694050e+00 
-2.670640e+00 
-2.669560e+00 
-2.688110e+00 
-2.708700e+00 
-2.749120e+00 
-2.805900e+00 
-2.865560e+00 
-2.937040e+00 
-3.008750e+00 
-3.077600e+00 
-3.145460e+00 
-3.209560e+00 
-3.261010e+00 
-3.293160e+00 
-3.298610e+00 
-3.272000e+00 
-3.221490e+00 
-3.144750e+00 
-3.043740e+00 
-2.922280e+00 
-2.780570e+00 
-2.629660e+00 
-2.471510e+00 
-2.324490e+00 
-2.179690e+00 
-2.043810e+00 
-1.924540e+00 
-1.814820e+00 
-1.738020e+00 
-1.656710e+00 
-1.627880e+00 
-1.598810e+00 
-1.595980e+00 
-1.632300e+00 
-1.689440e+00 
-1.765170e+00 
-1.872790e+00 
-2.008550e+00 
-2.172080e+00 
-2.360100e+00 
-2.576280e+00 
-2.802130e+00 
-3.019130e+00 
-3.226390e+00 
-3.440300e+00 
-3.627360e+00 
-3.771050e+00 
-3.837950e+00 
-3.896020e+00 
-3.889240e+00 
-3.865760e+00 
-3.838790e+00 
-3.791660e+00 
-3.749670e+00 
-3.702550e+00 
-3.674520e+00 
-3.621010e+00 
-3.574340e+00 
-3.537230e+00 
-3.485770e+00 
-3.429200e+00 
-3.375340e+00 
-3.323810e+00 
-3.251800e+00 
-3.166590e+00 
-3.078930e+00 
-2.970740e+00 
-2.845740e+00 
-2.728220e+00 
-2.585730e+00 
-2.461550e+00 
-2.323260e+00 
-2.205030e+00 
-2.081820e+00 
-1.988520e+00 
-1.885850e+00 
-1.816370e+00 
-1.735720e+00 
-1.660470e+00 
-1.611460e+00 
-1.556650e+00 
-1.521400e+00 
-1.474130e+00 
-1.440860e+00 
-1.429040e+00 
-1.378650e+00 
-1.364580e+00 
-1.330280e+00 
-1.291660e+00 
-1.278560e+00 
-1.219900e+00 
-1.209810e+00 
-1.141030e+00 
-1.118480e+00 
-1.054630e+00 
-1.025800e+00 
-9.603870e-01 
-9.213510e-01 
-8.722320e-01 
-8.145600e-01 
-7.835170e-01 
-7.226700e-01 
-6.640300e-01 
-6.324510e-01 
-5.864130e-01 
-5.305660e-01 
-4.911530e-01 
-4.678210e-01 
-4.215780e-01 
-3.727230e-01 
-3.347620e-01 
-3.043940e-01 
-2.756230e-01 
-2.369500e-01 
-1.937380e-01 
-1.511570e-01 
-1.100030e-01 
-7.072640e-02 
-3.247160e-02 
9.274480e-03 
5.717920e-02 
1.043640e-01 
1.507890e-01 
1.963640e-01 
2.418690e-01 
2.852140e-01 
3.251500e-01 
3.615040e-01 
3.959880e-01 
4.240680e-01 
4.456360e-01 
4.652750e-01 
4.775800e-01 
4.808410e-01 
4.916570e-01 
4.962080e-01 
4.910740e-01 
4.857120e-01 
4.712880e-01 
4.525230e-01 
4.449850e-01 
4.269550e-01 
4.127880e-01 
3.926220e-01 
3.832890e-01 
3.764770e-01 
3.620980e-01 
3.567560e-01 
3.483600e-01 
3.512500e-01 
3.354240e-01 
3.462960e-01 
3.501830e-01 
3.730960e-01 
3.907130e-01 
4.152140e-01 
4.356500e-01 
4.635930e-01 
4.875520e-01 
5.226840e-01 
5.794190e-01 
6.261710e-01 
6.927080e-01 
7.468610e-01 
8.058410e-01 
8.750730e-01 
9.406050e-01 
1.027510e+00 
1.099980e+00 
1.155780e+00 
1.231740e+00 
1.276310e+00 
1.328350e+00 
1.382870e+00 
1.405910e+00 
1.434560e+00 
1.448320e+00 
1.433510e+00 
1.420730e+00 
1.395650e+00 
1.347570e+00 
1.298840e+00 
1.255700e+00 
1.195840e+00 
1.134450e+00 
1.076350e+00 
1.014870e+00 
9.499200e-01 
8.925510e-01 
8.251330e-01 
7.672780e-01 
7.177300e-01 
6.571650e-01 
6.005520e-01 
5.392410e-01 
4.802950e-01 
4.246600e-01 
3.600720e-01 
3.078300e-01 
2.457790e-01 
1.938550e-01 
1.326110e-01 
7.509280e-02 
8.724050e-03 
-5.114710e-02 
-1.165920e-01 
-1.784950e-01 
-2.435950e-01 
-3.064900e-01 
-3.627210e-01 
-4.169280e-01 
-4.685400e-01 
-5.147020e-01 
-5.481520e-01 
-5.805970e-01 
-6.120970e-01 
-6.342010e-01 
-6.585510e-01 
-6.833260e-01 
-6.998050e-01 
-7.210760e-01 
-7.332250e-01 
-7.394780e-01 
-7.502790e-01 
-7.365850e-01 
-7.301080e-01 
-7.107880e-01 
-6.840660e-01 
-6.653530e-01 
-6.248170e-01 
-5.978040e-01 
-5.734950e-01 
-5.545140e-01 
-5.528240e-01 
-5.600210e-01 
-5.849040e-01 
-6.287730e-01 
-6.899320e-01 
-7.752800e-01 
-8.830760e-01 
-1.016520e+00 
-1.168110e+00 
-1.329540e+00 
-1.527110e+00 
-1.706540e+00 
-1.870590e+00 
-2.045620e+00 
-2.175390e+00 
-2.272490e+00 
-2.334960e+00 
-2.360250e+00 
-2.364530e+00 
-2.334550e+00 
-2.302160e+00 
-2.258610e+00 
-2.217650e+00 
-2.176540e+00 
-2.168500e+00 
-2.146710e+00 
-2.155470e+00 
-2.168270e+00 
-2.178250e+00 
-2.208940e+00 
-2.230320e+00 
-2.266220e+00 
-2.300260e+00 
-2.344130e+00 
-2.386010e+00 
-2.421420e+00 
-2.469170e+00 
-2.499830e+00 
-2.524330e+00 
-2.543220e+00 
-2.540280e+00 
-2.529540e+00 
-2.486420e+00 
-2.439030e+00 
-2.361430e+00 
-2.282310e+00 
-2.185910e+00 
-2.083410e+00 
-1.963930e+00 
-1.860410e+00 
-1.758950e+00 
-1.650660e+00 
-1.556390e+00 
-1.475760e+00 
-1.403310e+00 
-1.343120e+00 
-1.292570e+00 
-1.244860e+00 
-1.202080e+00 
-1.152260e+00 
-1.093920e+00 
-1.015240e+00 
-9.282380e-01 
-8.199560e-01 
-7.057280e-01 
-5.823520e-01 
-4.568630e-01 
-3.328530e-01 
-2.144700e-01 
-1.052360e-01 
-4.377410e-03 
8.510590e-02 
1.642890e-01 
2.369130e-01 
3.013620e-01 
3.567060e-01 
4.064420e-01 
4.626660e-01 
5.216700e-01 
5.843910e-01 
6.505810e-01 
7.285310e-01 
8.219100e-01 
9.157340e-01 
1.002030e+00 
1.098530e+00 
1.181590e+00 
1.256680e+00 
1.327950e+00 
1.362370e+00 
1.390910e+00 
1.392830e+00 
1.385050e+00 
1.351140e+00 
1.310020e+00 
1.250120e+00 
1.176930e+00 
1.102330e+00 
1.010150e+00 
9.083870e-01 
8.072150e-01 
6.815520e-01 
5.690420e-01 
4.361600e-01 
3.031400e-01 
1.664930e-01 
1.887180e-02 
-1.175720e-01 
-2.699050e-01 
-4.025410e-01 
-5.443010e-01 
-6.763490e-01 
-7.936960e-01 
-9.003670e-01 
-1.002380e+00 
-1.070470e+00 
-1.138980e+00 
-1.182860e+00 
-1.209200e+00 
-1.209110e+00 
-1.198390e+00 
-1.174290e+00 
-1.129810e+00 
-1.062710e+00 
-9.935810e-01 
-9.099560e-01 
-8.310510e-01 
-7.342420e-01 
-6.403080e-01 
-5.507350e-01 
-4.658730e-01 
-3.926510e-01 
-3.199720e-01 
-2.623480e-01 
-2.172810e-01 
-1.831000e-01 
-1.594940e-01 
-1.448050e-01 
-1.380600e-01 
-1.410960e-01 
-1.472990e-01 
-1.546810e-01 
-1.680670e-01 
-1.832170e-01 
-2.041860e-01 
-2.355630e-01 
-2.686910e-01 
-3.082070e-01 
-3.627000e-01 
-4.123680e-01 
-4.643290e-01 
-5.134340e-01 
-5.473090e-01 
-5.725480e-01 
-5.742950e-01 
-5.603200e-01 
-5.250560e-01 
-4.740130e-01 
-4.100500e-01 
-3.341140e-01 
-2.529410e-01 
-1.758350e-01 
-1.016080e-01 
-3.205120e-02 
2.401170e-02 
6.201700e-02 
7.939070e-02 
7.606510e-02 
5.427990e-02 
8.093680e-03 
-6.406720e-02 
-1.624440e-01 
-2.637190e-01 
-3.902220e-01 
-5.457600e-01 
-6.817690e-01 
-8.103320e-01 
-9.604070e-01 
-1.079330e+00 
-1.163440e+00 
-1.241940e+00 
-1.305430e+00 
-1.326870e+00 
-1.303780e+00 
-1.258770e+00 
-1.193060e+00 
-1.094160e+00 
-9.928920e-01 
-9.011110e-01 
-8.259650e-01 
-7.656470e-01 
-7.477890e-01 
-7.614960e-01 
-8.139350e-01 
-8.932280e-01 
-9.979190e-01 
-1.116990e+00 
-1.276390e+00 
-1.456660e+00 
-1.743600e+00 
-2.087450e+00 
-2.563680e+00 
-3.174630e+00 
-3.989030e+00 
-4.932960e+00 
-6.233940e+00 
-7.684130e+00 
-9.517500e+00 
-1.163560e+01 
-1.384290e+01 
-1.598330e+01 
-1.763720e+01 
-1.788880e+01 
-1.762080e+01 
-1.697150e+01 
-1.616060e+01 
-1.517920e+01 
-1.438040e+01 
-1.378190e+01 
-1.307170e+01 
-1.250350e+01 
-1.198660e+01 
-1.145880e+01 
-1.096180e+01 
-1.041060e+01 
-9.852590e+00 
-9.311970e+00 
-8.772890e+00 
-8.282650e+00 
-7.851960e+00 
-7.483850e+00 
-7.178240e+00 
-6.916590e+00 
-6.710960e+00 
-6.559240e+00 
-6.453190e+00 
-6.377010e+00 
-6.326940e+00 
-6.325350e+00 
-6.362530e+00 
-6.403460e+00 
-6.468650e+00 
-6.574750e+00 
-6.670770e+00 
-6.758210e+00 
-6.868600e+00 
-6.958860e+00 
-7.052700e+00 
-7.149900e+00 
-7.257030e+00 
-7.369700e+00 
-7.502870e+00 
-7.649700e+00 
-7.826890e+00 
-8.058260e+00 
-8.289190e+00 
-8.552290e+00 
-8.824510e+00 
-9.051010e+00 
-9.195600e+00 
-9.243610e+00 
-9.175550e+00 
-8.997570e+00 
-8.739130e+00 
-8.443210e+00 
-8.140400e+00 
-7.841900e+00 
-7.573950e+00 
-7.313480e+00 
-7.026710e+00 
-6.768490e+00 
-6.476930e+00 
-6.216170e+00 
-5.935750e+00 
-5.698280e+00 
-5.458660e+00 
-5.243920e+00 
-5.012450e+00 
-4.788690e+00 
-4.549100e+00 
-4.273140e+00 
-3.978180e+00 
-3.680460e+00 
-3.381460e+00 
-3.088120e+00 
-2.809230e+00 
-2.547530e+00 
-2.306180e+00 
-2.086970e+00 
-1.892110e+00 
-1.723930e+00 
-1.586080e+00 
-1.483250e+00 
-1.419230e+00 
-1.401210e+00 
-1.434080e+00 
-1.518090e+00 
-1.652730e+00 
-1.845110e+00 
-2.095310e+00 
-2.391000e+00 
-2.705970e+00 
-2.982870e+00 
-3.225830e+00 
-3.422700e+00 
-3.611310e+00 
-3.817360e+00 
-4.046560e+00 
-4.290750e+00 
-4.583540e+00 
-4.915170e+00 
-5.271780e+00 
-5.583620e+00 
-5.880970e+00 
-6.005710e+00 
-6.199170e+00 
-6.273670e+00 
-6.281610e+00 
-6.397190e+00 
-6.539560e+00 
-6.567770e+00 
-6.723120e+00 
-6.795770e+00 
-6.887980e+00 
-7.024500e+00 
-7.178260e+00 
-7.330190e+00 
-7.476460e+00 
-7.595690e+00 
-7.697190e+00 
-7.790280e+00 
-7.889670e+00 
-8.009810e+00 
-8.155750e+00 
-8.270060e+00 
-8.296730e+00 
-8.339060e+00 
-8.392740e+00 
-8.426660e+00 
-8.447360e+00 
-8.468820e+00 
-8.488380e+00 
-8.476970e+00 
-8.426610e+00 
-8.371200e+00 
-8.311750e+00 
-8.249660e+00 
-8.118620e+00 
-7.972540e+00 
-7.825700e+00 
-7.675590e+00 
-7.519080e+00 
-7.354350e+00 
-7.179250e+00 
-6.992770e+00 
-6.782750e+00 
-6.571800e+00 
-6.362880e+00 
-6.158690e+00 
-5.963260e+00 
-5.753750e+00 
-5.519480e+00 
-5.309380e+00 
-5.127730e+00 
-4.978800e+00 
-4.843710e+00 
-4.672310e+00 
-4.550080e+00 
-4.477890e+00 
-4.429740e+00 
-4.368430e+00 
-4.359890e+00 
-4.377510e+00 
-4.418580e+00 
-4.500150e+00 
-4.539190e+00 
-4.649690e+00 
-4.741610e+00 
-4.878380e+00 
-4.991000e+00 
-5.126710e+00 
-5.225030e+00 
-5.326760e+00 
-5.386410e+00 
-5.432730e+00 
-5.459140e+00 
-5.446280e+00 
-5.467920e+00 
-5.393090e+00 
-5.360730e+00 
-5.283060e+00 
-5.190460e+00 
-5.148280e+00 
-5.068880e+00 
-4.973620e+00 
-4.917490e+00 
-4.886470e+00 
-4.767580e+00 
-4.649910e+00 
-4.550090e+00 
-4.456350e+00 
-4.322610e+00 
-4.219730e+00 
-4.147050e+00 
-4.060270e+00 
-3.952350e+00 
-3.833040e+00 
-3.733730e+00 
-3.624290e+00 
-3.521380e+00 
-3.436980e+00 
-3.365460e+00 
-3.252410e+00 
-3.137690e+00 
-3.049040e+00 
-2.946220e+00 
-2.843330e+00 
-2.760550e+00 
-2.659160e+00 
-2.533760e+00 
-2.430670e+00 
-2.322610e+00 
-2.209530e+00 
-2.114750e+00 
-2.010120e+00 
-1.881540e+00 
-1.773310e+00 
-1.654130e+00 
-1.544000e+00 
-1.452120e+00 
-1.339510e+00 
-1.236230e+00 
-1.126380e+00 
-1.015760e+00 
-9.251990e-01 
-8.177200e-01 
-7.290170e-01 
-6.360600e-01 
-5.494540e-01 
-4.661230e-01 
-3.800210e-01 
-3.010530e-01 
-2.186280e-01 
-1.541900e-01 
-8.696090e-02 
-4.056150e-02 
4.345160e-03 
3.509330e-02 
6.079870e-02 
7.304290e-02 
7.099800e-02 
6.421950e-02 
3.804510e-02 
2.100760e-02 
-7.460910e-03 
-2.482960e-02 
-6.724180e-02 
-8.821490e-02 
-1.263110e-01 
-1.527660e-01 
-1.877220e-01 
-2.149990e-01 
-2.517400e-01 
-2.831870e-01 
-3.111710e-01 
-3.400850e-01 
-3.626400e-01 
-3.750930e-01 
-3.812230e-01 
-3.876670e-01 
-3.705760e-01 
-3.477100e-01 
-3.138440e-01 
-2.722070e-01 
-2.266760e-01 
-1.677780e-01 
-1.112740e-01 
-5.536970e-02 
8.649420e-04 
5.039010e-02 
9.316010e-02 
1.294690e-01 
1.555360e-01 
1.709560e-01 
1.782590e-01 
1.739480e-01 
1.583390e-01 
1.333320e-01 
1.007210e-01 
5.949380e-02 
1.143650e-02 
-3.866880e-02 
-9.116510e-02 
-1.464770e-01 
-2.026970e-01 
-2.545360e-01 
-3.101120e-01 
-3.678390e-01 
-4.271590e-01 
-4.878570e-01 
-5.515240e-01 
-6.170050e-01 
-6.821610e-01 
-7.464270e-01 
-8.098520e-01 
-8.683980e-01 
-9.200750e-01 
-9.631210e-01 
-9.987240e-01 
-1.023840e+00 
-1.036580e+00 
-1.029670e+00 
-1.011910e+00 
-9.809530e-01 
-9.374050e-01 
-8.744390e-01 
-7.979790e-01 
-7.192750e-01 
-6.392040e-01 
-5.382730e-01 
-4.414340e-01 
-3.525010e-01 
-2.589690e-01 
-1.627400e-01 
-8.066360e-02 
-1.115260e-02 
6.708020e-02 
1.402500e-01 
1.999550e-01 
2.481070e-01 
2.973250e-01 
3.431320e-01 
3.836760e-01 
4.146540e-01 
4.364780e-01 
4.486310e-01 
4.460940e-01 
4.219930e-01 
3.608500e-01 
2.629820e-01 
1.065690e-01 
-1.223700e-01 
-4.375440e-01 
-8.547640e-01 
-1.346120e+00 
-1.883680e+00 
-2.449730e+00 
-2.960170e+00 
-3.326430e+00 
-3.655820e+00 
-3.836750e+00 
-4.006140e+00 
-4.089940e+00 
-4.130660e+00 
-4.135870e+00 
-4.058310e+00 
-3.959920e+00 
-3.811150e+00 
-3.627440e+00 
-3.388100e+00 
-3.140300e+00 
-2.888840e+00 
-2.635310e+00 
-2.376180e+00 
-2.116310e+00 
-1.863510e+00 
-1.627900e+00 
-1.412990e+00 
-1.222430e+00 
-1.059820e+00 
-9.264100e-01 
-8.231270e-01 
-7.489580e-01 
-7.023090e-01 
-6.856380e-01 
-6.951840e-01 
-7.286040e-01 
-7.805990e-01 
-8.515930e-01 
-9.409190e-01 
-1.039180e+00 
-1.151010e+00 
-1.263890e+00 
-1.385750e+00 
-1.512250e+00 
-1.633750e+00 
-1.759570e+00 
-1.866840e+00 
-1.949440e+00 
-2.033350e+00 
-2.124770e+00 
-2.191250e+00 
-2.243690e+00 
-2.290410e+00 
-2.314670e+00 
-2.339480e+00 
-2.361900e+00 
-2.339170e+00 
-2.338890e+00 
-2.330200e+00 
-2.296670e+00 
-2.268000e+00 
-2.248750e+00 
-2.218520e+00 
-2.189800e+00 
-2.155060e+00 
-2.146170e+00 
-2.133760e+00 
-2.106240e+00 
-2.101390e+00 
-2.078410e+00 
-2.064490e+00 
-2.069840e+00 
-2.048730e+00 
-2.027900e+00 
-2.015490e+00 
-1.963490e+00 
-1.902820e+00 
-1.856820e+00 
-1.781240e+00 
-1.698750e+00 
-1.636660e+00 
-1.541660e+00 
-1.448850e+00 
-1.379880e+00 
-1.286710e+00 
-1.198960e+00 
-1.130090e+00 
-1.041160e+00 
-9.528690e-01 
-8.774730e-01 
-7.919460e-01 
-6.979920e-01 
-6.024550e-01 
-5.064650e-01 
-3.930970e-01 
-2.877490e-01 
-1.922450e-01 
-8.634490e-02 
2.951960e-02 
1.316940e-01 
2.227810e-01 
3.262970e-01 
4.198510e-01 
4.990960e-01 
5.850800e-01 
6.589760e-01 
7.229620e-01 
7.855980e-01 
8.352740e-01 
8.805390e-01 
9.164340e-01 
9.476600e-01 
9.731520e-01 
9.943570e-01 
1.013320e+00 
1.028030e+00 
1.041290e+00 
1.053420e+00 
1.063160e+00 
1.073730e+00 
1.082180e+00 
1.084640e+00 
1.083810e+00 
1.079460e+00 
1.059640e+00 
1.035450e+00 
1.006470e+00 
9.656220e-01 
9.254060e-01 
8.878870e-01 
8.526170e-01 
8.240440e-01 
8.070760e-01 
8.021000e-01 
8.111920e-01 
8.315980e-01 
8.576220e-01 
8.928690e-01 
9.378960e-01 
9.873720e-01 
1.032470e+00 
1.080490e+00 
1.131410e+00 
1.173550e+00 
1.215110e+00 
1.256420e+00 
1.288480e+00 
1.318640e+00 
1.344060e+00 
1.363190e+00 
1.379680e+00 
1.388920e+00 
1.394340e+00 
1.393870e+00 
1.386850e+00 
1.376330e+00 
1.358590e+00 
1.337340e+00 
1.312130e+00 
1.281230e+00 
1.249210e+00 
1.209630e+00 
1.167860e+00 
1.121600e+00 
1.069620e+00 
1.014560e+00 
9.502430e-01 
8.807650e-01 
8.054680e-01 
7.197670e-01 
6.297790e-01 
5.297950e-01 
4.189210e-01 
2.979180e-01 
1.630240e-01 
1.865020e-02 
-1.429490e-01 
-3.157690e-01 
-5.013520e-01 
-6.927710e-01 
-8.869090e-01 
-1.081800e+00 
-1.261940e+00 
-1.431990e+00 
-1.564850e+00 
-1.681380e+00 
-1.758880e+00 
-1.796110e+00 
-1.798830e+00 
-1.759620e+00 
-1.685480e+00 
-1.592840e+00 
-1.477150e+00 
-1.350720e+00 
-1.218900e+00 
-1.093750e+00 
-9.732030e-01 
-8.694610e-01 
-7.670090e-01 
-6.900310e-01 
-6.177680e-01 
-5.802330e-01 
-5.510840e-01 
-5.248830e-01 
-5.365800e-01 
-5.459470e-01 
-5.825470e-01 
-6.074460e-01 
-6.647660e-01 
-7.314530e-01 
-7.952170e-01 
-8.696460e-01 
-9.419210e-01 
-1.011180e+00 
-1.075340e+00 
-1.137100e+00 
-1.192870e+00 
-1.231310e+00 
-1.257220e+00 
-1.267580e+00 
-1.256700e+00 
-1.240390e+00 
-1.204470e+00 
-1.159150e+00 
-1.103220e+00 
-1.044870e+00 
-9.862460e-01 
-9.323140e-01 
-8.816050e-01 
-8.372250e-01 
-7.996290e-01 
-7.693070e-01 
-7.465110e-01 
-7.288280e-01 
-7.170300e-01 
-7.112010e-01 
-7.101400e-01 
-7.164370e-01 
-7.233940e-01 
-7.377250e-01 
-7.518690e-01 
-7.703020e-01 
-7.894820e-01 
-8.071920e-01 
-8.252550e-01 
-8.369900e-01 
-8.456530e-01 
-8.462930e-01 
-8.372660e-01 
-8.180120e-01 
-7.874810e-01 
-7.400220e-01 
-6.818740e-01 
-6.035200e-01 
-5.059960e-01 
-3.948290e-01 
-2.640740e-01 
-1.108500e-01 
4.963710e-02 
2.142700e-01 
3.801900e-01 
5.469410e-01 
7.078410e-01 
8.600210e-01 
1.004030e+00 
1.132660e+00 
1.247500e+00 
1.350230e+00 
1.425520e+00 
1.481100e+00 
1.516080e+00 
1.521490e+00 
1.495160e+00 
1.443510e+00 
1.346060e+00 
1.228370e+00 
1.071770e+00 
8.930830e-01 
6.821310e-01 
4.409490e-01 
1.976370e-01 
-6.161890e-02 
-3.394360e-01 
-5.842590e-01 
-8.296130e-01 
-1.017640e+00 
-1.188370e+00 
-1.371910e+00 
-1.505360e+00 
-1.616730e+00 
-1.726590e+00 
-1.837580e+00 
-1.938020e+00 
-2.034120e+00 
-2.089940e+00 
-2.135930e+00 
-2.212370e+00 
-2.285040e+00 
-2.273580e+00 
-2.261350e+00 
-2.259530e+00 
-2.260790e+00 
-2.223270e+00 
-2.145650e+00 
-2.049830e+00 
-1.961380e+00 
-1.864170e+00 
-1.711190e+00 
-1.528540e+00 
-1.357240e+00 
-1.181890e+00 
-9.428140e-01 
-7.101230e-01 
-4.945820e-01 
-2.338750e-01 
2.758710e-03 
2.509590e-01 
4.797530e-01 
7.119830e-01 
9.412000e-01 
1.142150e+00 
1.338760e+00 
1.540750e+00 
1.698870e+00 
1.885920e+00 
2.030400e+00 
2.189730e+00 
2.345150e+00 
2.474010e+00 
2.588620e+00 
2.701650e+00 
2.803430e+00 
2.875020e+00 
2.928650e+00 
2.981220e+00 
2.995170e+00 
2.983880e+00 
2.952700e+00 
2.890680e+00 
2.800030e+00 
2.695540e+00 
2.574540e+00 
2.434600e+00 
2.280580e+00 
2.122450e+00 
1.964840e+00 
1.808100e+00 
1.655360e+00 
1.509360e+00 
1.373620e+00 
1.253200e+00 
1.142130e+00 
1.053080e+00 
9.738410e-01 
9.023630e-01 
8.360910e-01 
7.725730e-01 
7.166080e-01 
6.886560e-01 
6.640170e-01 
6.379230e-01 
6.079800e-01 
5.922990e-01 
5.932520e-01 
5.868860e-01 
5.723830e-01 
5.768970e-01 
5.889950e-01 
5.909110e-01 
5.916650e-01 
6.131030e-01 
6.236750e-01 
6.270090e-01 
6.515870e-01 
6.645190e-01 
6.712430e-01 
6.976890e-01 
7.128420e-01 
7.251740e-01 
7.474180e-01 
7.631590e-01 
7.750000e-01 
7.950440e-01 
8.073430e-01 
8.152820e-01 
8.304520e-01 
8.329390e-01 
8.390860e-01 
8.442360e-01 
8.433450e-01 
8.482730e-01 
8.527130e-01 
8.478400e-01 
8.537510e-01 
8.506200e-01 
8.438820e-01 
8.383160e-01 
8.265780e-01 
8.072100e-01 
7.918710e-01 
7.638200e-01 
7.370000e-01 
6.993700e-01 
6.573970e-01 
6.147260e-01 
5.671770e-01 
5.193210e-01 
4.730570e-01 
4.267480e-01 
3.876250e-01 
3.559640e-01 
3.257460e-01 
3.082210e-01 
2.942580e-01 
2.886480e-01 
2.901040e-01 
2.933280e-01 
3.053080e-01 
3.191750e-01 
3.325850e-01 
3.510200e-01 
3.665390e-01 
3.762090e-01 
3.909550e-01 
4.020760e-01 
3.991670e-01 
4.007500e-01 
3.979640e-01 
3.822630e-01 
3.670590e-01 
3.490410e-01 
3.178250e-01 
2.845050e-01 
2.521100e-01 
2.121750e-01 
1.662350e-01 
1.189620e-01 
7.162860e-02 
2.616650e-02 
-1.761460e-02 
-6.399480e-02 
-1.146470e-01 
-1.664850e-01 
-2.190410e-01 
-2.738300e-01 
-3.324590e-01 
-3.956850e-01 
-4.627320e-01 
-5.456470e-01 
-6.324220e-01 
-7.155380e-01 
-7.880450e-01 
-8.723200e-01 
-9.413590e-01 
-9.965690e-01 
-1.050100e+00 
-1.086080e+00 
-1.117020e+00 
-1.138710e+00 
-1.158570e+00 
-1.178530e+00 
-1.194770e+00 
-1.200880e+00 
-1.203410e+00 
-1.207300e+00 
-1.213210e+00 
-1.226010e+00 
-1.253600e+00 
-1.296500e+00 
-1.364130e+00 
-1.462220e+00 
-1.598900e+00 
-1.759030e+00 
-1.935580e+00 
-2.121440e+00 
-2.283880e+00 
-2.430160e+00 
-2.542470e+00 
-2.614400e+00 
-2.625620e+00 
-2.643650e+00 
-2.619790e+00 
-2.575410e+00 
-2.521160e+00 
-2.474010e+00 
-2.382150e+00 
-2.302210e+00 
-2.183490e+00 
-2.089120e+00 
-1.954860e+00 
-1.823610e+00 
-1.702980e+00 
-1.584900e+00 
-1.464200e+00 
-1.350450e+00 
-1.252080e+00 
-1.167630e+00 
-1.095700e+00 
-1.039050e+00 
-9.990170e-01 
-9.731410e-01 
-9.634390e-01 
-9.674020e-01 
-9.856230e-01 
-1.018220e+00 
-1.065220e+00 
-1.125260e+00 
-1.195610e+00 
-1.275360e+00 
-1.361440e+00 
-1.450870e+00 
-1.540790e+00 
-1.627270e+00 
-1.710300e+00 
-1.785110e+00 
-1.849820e+00 
-1.904710e+00 
-1.947370e+00 
-1.976260e+00 
-1.996490e+00 
-2.002120e+00 
-1.998280e+00 
-1.988240e+00 
-1.973510e+00 
-1.952440e+00 
-1.924440e+00 
-1.892830e+00 
-1.863430e+00 
-1.828450e+00 
-1.793980e+00 
-1.763630e+00 
-1.731690e+00 
-1.694360e+00 
-1.655480e+00 
-1.618260e+00 
-1.575850e+00 
-1.531650e+00 
-1.485660e+00 
-1.434960e+00 
-1.377620e+00 
-1.318330e+00 
-1.256550e+00 
-1.188690e+00 
-1.122380e+00 
-1.056160e+00 
-9.896230e-01 
-9.265540e-01 
-8.661260e-01 
-8.108750e-01 
-7.583080e-01 
-7.144290e-01 
-6.745750e-01 
-6.373750e-01 
-6.139600e-01 
-5.895820e-01 
-5.686270e-01 
-5.469000e-01 
-5.362960e-01 
-5.267850e-01 
-5.168790e-01 
-5.160510e-01 
-5.244950e-01 
-5.456230e-01 
-5.879110e-01 
-6.455360e-01 
-7.170960e-01 
-8.071250e-01 
-9.050130e-01 
-1.015080e+00 
-1.139190e+00 
-1.266180e+00 
-1.397060e+00 
-1.537550e+00 
-1.674210e+00 
-1.806850e+00 
-1.936830e+00 
-2.057790e+00 
-2.166690e+00 
-2.271110e+00 
-2.367720e+00 
-2.449160e+00 
-2.513080e+00 
-2.553350e+00 
-2.576700e+00 
-2.581710e+00 
-2.570470e+00 
-2.554160e+00 
-2.526100e+00 
-2.488870e+00 
-2.463850e+00 
-2.443340e+00 
-2.432230e+00 
-2.443360e+00 
-2.449460e+00 
-2.504370e+00 
-2.576660e+00 
-2.672060e+00 
-2.809110e+00 
-2.955600e+00 
-3.140410e+00 
-3.308980e+00 
-3.505410e+00 
-3.701500e+00 
-3.866640e+00 
-4.073490e+00 
-4.199750e+00 
-4.381880e+00 
-4.536800e+00 
-4.682400e+00 
-4.865720e+00 
-5.035470e+00 
-5.175700e+00 
-5.290400e+00 
-5.406570e+00 
-5.470760e+00 
-5.492680e+00 
-5.482750e+00 
-5.399070e+00 
-5.280260e+00 
-5.103890e+00 
-4.885350e+00 
-4.634390e+00 
-4.353390e+00 
-4.056830e+00 
-3.748130e+00 
-3.434450e+00 
-3.118130e+00 
-2.809960e+00 
-2.507910e+00 
-2.208920e+00 
-1.928970e+00 
-1.658070e+00 
-1.404310e+00 
-1.173180e+00 
-9.540260e-01 
-7.663280e-01 
-5.991140e-01 
-4.596720e-01 
-3.588310e-01 
-2.812080e-01 
-2.378990e-01 
-2.260550e-01 
-2.334080e-01 
-2.537390e-01 
-3.026830e-01 
-3.669600e-01 
-4.308920e-01 
-5.023890e-01 
-5.839800e-01 
-6.799580e-01 
-8.000790e-01 
-9.448270e-01 
-1.122530e+00 
-1.309810e+00 
-1.538760e+00 
-1.746540e+00 
-1.969290e+00 
-2.143550e+00 
-2.270230e+00 
-2.363930e+00 
-2.398050e+00 
-2.381330e+00 
-2.332620e+00 
-2.255030e+00 
-2.156920e+00 
-2.057660e+00 
-1.955440e+00 
-1.859100e+00 
-1.763810e+00 
-1.673530e+00 
-1.602370e+00 
-1.541480e+00 
-1.481390e+00 
-1.431540e+00 
-1.390900e+00 
-1.342710e+00 
-1.316900e+00 
-1.281500e+00 
-1.251820e+00 
-1.224650e+00 
-1.203060e+00 
-1.177000e+00 
-1.152830e+00 
-1.132880e+00 
-1.117980e+00 
-1.092400e+00 
-1.070850e+00 
-1.053300e+00 
-1.031490e+00 
-1.005350e+00 
-9.687760e-01 
-9.406040e-01 
-9.072510e-01 
-8.638420e-01 
-8.123000e-01 
-7.570700e-01 
-6.953310e-01 
-6.240510e-01 
-5.429450e-01 
-4.533340e-01 
-3.572850e-01 
-2.527410e-01 
-1.404910e-01 
-2.306500e-02 
9.655470e-02 
2.210490e-01 
3.469770e-01 
4.719200e-01 
5.938670e-01 
7.147300e-01 
8.322860e-01 
9.449070e-01 
1.050350e+00 
1.150700e+00 
1.245140e+00 
1.331830e+00 
1.409080e+00 
1.477940e+00 
1.536800e+00 
1.581260e+00 
1.610990e+00 
1.623050e+00 
1.610330e+00 
1.580740e+00 
1.526890e+00 
1.451100e+00 
1.343420e+00 
1.219960e+00 
1.076410e+00 
9.170560e-01 
7.492270e-01 
5.759260e-01 
4.085310e-01 
2.532580e-01 
1.163300e-01 
-7.800240e-04 
-9.556630e-02 
-1.643150e-01 
-2.020720e-01 
-2.200880e-01 
-2.230940e-01 
-1.979840e-01 
-1.523730e-01 
-1.119400e-01 
-6.042690e-02 
9.781660e-03 
6.130100e-02 
1.156310e-01 
1.712720e-01 
1.966310e-01 
2.234290e-01 
2.259720e-01 
2.055830e-01 
1.763760e-01 
1.121510e-01 
3.765430e-02 
-4.752000e-02 
-1.616880e-01 
-2.771220e-01 
-3.902840e-01 
-5.020760e-01 
-5.995920e-01 
-6.752430e-01 
-7.247880e-01 
-7.480030e-01 
-7.445490e-01 
-7.101120e-01 
-6.440210e-01 
-5.526900e-01 
-4.367930e-01 
-3.018910e-01 
-1.590310e-01 
-1.098650e-02 
1.417520e-01 
2.917970e-01 
4.396970e-01 
5.816700e-01 
7.125780e-01 
8.363630e-01 
9.514400e-01 
1.056560e+00 
1.158970e+00 
1.246060e+00 
1.330990e+00 
1.407920e+00 
1.479450e+00 
1.549110e+00 
1.608950e+00 
1.668580e+00 
1.715440e+00 
1.767520e+00 
1.805060e+00 
1.848000e+00 
1.877900e+00 
1.910250e+00 
1.926770e+00 
1.946930e+00 
1.949010e+00 
1.949430e+00 
1.932060e+00 
1.901650e+00 
1.869540e+00 
1.811750e+00 
1.748270e+00 
1.673230e+00 
1.581300e+00 
1.483090e+00 
1.374770e+00 
1.259130e+00 
1.143310e+00 
1.029630e+00 
9.183390e-01 
8.220460e-01 
7.459020e-01 
6.804530e-01 
6.233220e-01 
5.832070e-01 
5.682700e-01 
5.519550e-01 
5.405320e-01 
5.526160e-01 
5.537880e-01 
5.647550e-01 
5.728700e-01 
5.864210e-01 
5.947970e-01 
6.127840e-01 
6.225920e-01 
6.341000e-01 
6.501160e-01 
6.612660e-01 
6.711020e-01 
6.825420e-01 
6.908860e-01 
6.942920e-01 
6.956590e-01 
6.948420e-01 
6.867420e-01 
6.739480e-01 
6.590140e-01 
6.384880e-01 
6.119930e-01 
5.807270e-01 
5.477150e-01 
5.098680e-01 
4.633550e-01 
4.216300e-01 
3.647550e-01 
3.139040e-01 
2.572890e-01 
1.953470e-01 
1.336360e-01 
7.177890e-02 
3.691790e-03 
-5.527970e-02 
-1.208370e-01 
-1.743840e-01 
-2.287760e-01 
-2.668600e-01 
-2.985760e-01 
-3.115070e-01 
-3.165080e-01 
-3.022290e-01 
-2.801960e-01 
-2.479650e-01 
-2.120450e-01 
-1.706260e-01 
-1.284830e-01 
-8.764300e-02 
-4.697890e-02 
-8.770910e-03 
2.796110e-02 
6.361600e-02 
9.356060e-02 
1.257220e-01 
1.521820e-01 
1.806950e-01 
2.072090e-01 
2.319510e-01 
2.554280e-01 
2.769690e-01 
3.003270e-01 
3.153850e-01 
3.337150e-01 
3.460100e-01 
3.565060e-01 
3.616660e-01 
3.694390e-01 
3.684460e-01 
3.689180e-01 
3.656770e-01 
3.632590e-01 
3.523420e-01 
3.460380e-01 
3.394220e-01 
3.311330e-01 
3.242250e-01 
3.221120e-01 
3.194090e-01 
3.170700e-01 
3.163340e-01 
3.204540e-01 
3.229960e-01 
3.279360e-01 
3.357090e-01 
3.449770e-01 
3.512950e-01 
3.586870e-01 
3.654580e-01 
3.703050e-01 
3.723760e-01 
3.712670e-01 
3.698490e-01 
3.626630e-01 
3.516090e-01 
3.380840e-01 
3.161960e-01 
2.909340e-01 
2.598270e-01 
2.203980e-01 
1.787720e-01 
1.305710e-01 
7.496290e-02 
1.679470e-02 
-4.930550e-02 
-1.209450e-01 
-1.960650e-01 
-2.788400e-01 
-3.608230e-01 
-4.504250e-01 
-5.401300e-01 
-6.354380e-01 
-7.299830e-01 
-8.288190e-01 
-9.256370e-01 
-1.025000e+00 
-1.119170e+00 
-1.213520e+00 
-1.302020e+00 
-1.387840e+00 
-1.468770e+00 
-1.540270e+00 
-1.608700e+00 
-1.663220e+00 
-1.709970e+00 
-1.745870e+00 
-1.770040e+00 
-1.782970e+00 
-1.780940e+00 
-1.769500e+00 
-1.742820e+00 
-1.702840e+00 
-1.657440e+00 
-1.592210e+00 
-1.527390e+00 
-1.445000e+00 
-1.363070e+00 
-1.270170e+00 
-1.177040e+00 
-1.084040e+00 
-9.879850e-01 
-8.977070e-01 
-8.104010e-01 
-7.301670e-01 
-6.605290e-01 
-5.994220e-01 
-5.490630e-01 
-5.112690e-01 
-4.846060e-01 
-4.719930e-01 
-4.682970e-01 
-4.715710e-01 
-4.884470e-01 
-5.143130e-01 
-5.468010e-01 
-5.836610e-01 
-6.239940e-01 
-6.688140e-01 
-7.178040e-01 
-7.727910e-01 
-8.290510e-01 
-8.905860e-01 
-9.533440e-01 
-1.028860e+00 
-1.093040e+00 
-1.160400e+00 
-1.227510e+00 
-1.285170e+00 
-1.331800e+00 
-1.379800e+00 
-1.400930e+00 
-1.415620e+00 
-1.414780e+00 
-1.397120e+00 
-1.378620e+00 
-1.335930e+00 
-1.297260e+00 
-1.250080e+00 
-1.194560e+00 
-1.151090e+00 
-1.110400e+00 
-1.073980e+00 
-1.043360e+00 
-1.025240e+00 
-1.017850e+00 
-1.026320e+00 
-1.049820e+00 
-1.081600e+00 
-1.132210e+00 
-1.192680e+00 
-1.254910e+00 
-1.326030e+00 
-1.397480e+00 
-1.449110e+00 
-1.505300e+00 
-1.563490e+00 
-1.590340e+00 
-1.632720e+00 
-1.668080e+00 
-1.713410e+00 
-1.742490e+00 
-1.788170e+00 
-1.832380e+00 
-1.890300e+00 
-1.929880e+00 
-1.983500e+00 
-2.033740e+00 
-2.090420e+00 
-2.142470e+00 
-2.197860e+00 
-2.246080e+00 
-2.296730e+00 
-2.336040e+00 
-2.375930e+00 
-2.404320e+00 
-2.431540e+00 
-2.446140e+00 
-2.459180e+00 
-2.459530e+00 
-2.459440e+00 
-2.445290e+00 
-2.427950e+00 
-2.403750e+00 
-2.377320e+00 
-2.348070e+00 
-2.312310e+00 
-2.279040e+00 
-2.243410e+00 
-2.206910e+00 
-2.175800e+00 
-2.143180e+00 
-2.113360e+00 
-2.085190e+00 
-2.053090e+00 
-2.019050e+00 
-1.978930e+00 
-1.930490e+00 
-1.861190e+00 
-1.781620e+00 
-1.674480e+00 
-1.542830e+00 
-1.395150e+00 
-1.223840e+00 
-1.041170e+00 
-8.433890e-01 
-6.463820e-01 
-4.530040e-01 
-2.499060e-01 
-7.377470e-02 
8.169240e-02 
2.193960e-01 
3.219180e-01 
4.053660e-01 
4.301990e-01 
4.426300e-01 
4.032250e-01 
3.413770e-01 
2.415040e-01 
1.201970e-01 
-2.853080e-02 
-1.851100e-01 
-3.553750e-01 
-5.255980e-01 
-6.904080e-01 
-8.504090e-01 
-9.911340e-01 
-1.116300e+00 
-1.221130e+00 
-1.308850e+00 
-1.368450e+00 
-1.418410e+00 
-1.436930e+00 
-1.443210e+00 
-1.427240e+00 
-1.392550e+00 
-1.337780e+00 
-1.264820e+00 
-1.185730e+00 
-1.096630e+00 
-9.961420e-01 
-9.008480e-01 
-8.077400e-01 
-7.199130e-01 
-6.390100e-01 
-5.629360e-01 
-4.996630e-01 
-4.394220e-01 
-3.874220e-01 
-3.442390e-01 
-3.050840e-01 
-2.695800e-01 
-2.395310e-01 
-2.130290e-01 
-1.887920e-01 
-1.661280e-01 
-1.453380e-01 
-1.224500e-01 
-9.494480e-02 
-6.859560e-02 
-4.613950e-02 
-2.461960e-02 
2.178730e-04 
1.664990e-02 
2.404550e-02 
1.920100e-02 
-3.701420e-03 
-3.911900e-02 
-9.233530e-02 
-1.657860e-01 
-2.656290e-01 
-3.840500e-01 
-5.062020e-01 
-6.419710e-01 
-7.786040e-01 
-8.926360e-01 
-9.992200e-01 
-1.078420e+00 
-1.124550e+00 
-1.152930e+00 
-1.146250e+00 
-1.120180e+00 
-1.081370e+00 
-1.027770e+00 
-9.655610e-01 
-9.002730e-01 
-8.263470e-01 
-7.591330e-01 
-6.886450e-01 
-6.223580e-01 
-5.721990e-01 
-5.254200e-01 
-4.885200e-01 
-4.596130e-01 
-4.425430e-01 
-4.457310e-01 
-4.548510e-01 
-4.635970e-01 
-4.777180e-01 
-5.147850e-01 
-5.595490e-01 
-5.898330e-01 
-6.269920e-01 
-6.947640e-01 
-7.411830e-01 
-8.377260e-01 
-9.276810e-01 
-1.060920e+00 
-1.223210e+00 
-1.405100e+00 
-1.615090e+00 
-1.811770e+00 
-1.969890e+00 
-2.101620e+00 
-2.160440e+00 
-2.176570e+00 
-2.127200e+00 
-2.093250e+00 
-2.042070e+00 
-1.994580e+00 
-1.960610e+00 
-1.915490e+00 
-1.881650e+00 
-1.841020e+00 
-1.804090e+00 
-1.766700e+00 
-1.726650e+00 
-1.677590e+00 
-1.624570e+00 
-1.567090e+00 
-1.494560e+00 
-1.411960e+00 
-1.294720e+00 
-1.150100e+00 
-9.847700e-01 
-7.989260e-01 
-6.132820e-01 
-4.047120e-01 
-2.157060e-01 
-2.277020e-02 
1.352840e-01 
2.910760e-01 
4.157260e-01 
5.170520e-01 
6.045060e-01 
6.660010e-01 
7.090430e-01 
7.367440e-01 
7.654120e-01 
7.895230e-01 
8.058300e-01 
8.233740e-01 
8.419550e-01 
8.635410e-01 
8.984230e-01 
9.457870e-01 
1.001940e+00 
1.073130e+00 
1.153390e+00 
1.240080e+00 
1.336430e+00 
1.437190e+00 
1.545030e+00 
1.652050e+00 
1.755700e+00 
1.855080e+00 
1.953090e+00 
2.042820e+00 
2.123110e+00 
2.195110e+00 
2.255090e+00 
2.306740e+00 
2.345190e+00 
2.375810e+00 
2.397400e+00 
2.414840e+00 
2.423260e+00 
2.426150e+00 
2.422080e+00 
2.416080e+00 
2.401480e+00 
2.376670e+00 
2.347590e+00 
2.305820e+00 
2.262190e+00 
2.194940e+00 
2.129710e+00 
2.053290e+00 
1.971260e+00 
1.893020e+00 
1.813000e+00 
1.752110e+00 
1.686250e+00 
1.654820e+00 
1.615390e+00 
1.611890e+00 
1.611200e+00 
1.623080e+00 
1.639620e+00 
1.663330e+00 
1.688000e+00 
1.716390e+00 
1.739860e+00 
1.759020e+00 
1.778730e+00 
1.792800e+00 
1.809630e+00 
1.818310e+00 
1.831860e+00 
1.840620e+00 
1.846740e+00 
1.852360e+00 
1.854510e+00 
1.856090e+00 
1.858440e+00 
1.858230e+00 
1.858190e+00 
1.859090e+00 
1.857050e+00 
1.856060e+00 
1.856930e+00 
1.853520e+00 
1.851310e+00 
1.849670e+00 
1.843130e+00 
1.839130e+00 
1.835100e+00 
1.828390e+00 
1.823310e+00 
1.816280e+00 
1.808370e+00 
1.801600e+00 
1.791480e+00 
1.782300e+00 
1.774410e+00 
1.762970e+00 
1.754010e+00 
1.743730e+00 
1.734430e+00 
1.726310e+00 
1.715720e+00 
1.706890e+00 
1.698920e+00 
1.689880e+00 
1.680020e+00 
1.669290e+00 
1.659260e+00 
1.647010e+00 
1.636600e+00 
1.625600e+00 
1.613350e+00 
1.601860e+00 
1.590460e+00 
1.578020e+00 
1.565710e+00 
1.553290e+00 
1.540120e+00 
1.529850e+00 
1.518900e+00 
1.507760e+00 
1.496580e+00 
1.484680e+00 
1.472450e+00 
1.461070e+00 
1.449250e+00 
1.438060e+00 
1.425810e+00 
1.414040e+00 
1.401890e+00 
1.389890e+00 
1.379750e+00 
1.369730e+00 
1.361080e+00 
1.355310e+00 
1.347580e+00 
1.343950e+00 
1.340550e+00 
1.339210e+00 
1.341370e+00 
1.342130e+00 
1.347260e+00 
1.351150e+00 
1.356890e+00 
1.362940e+00 
1.367750e+00 
1.373400e+00 
1.373020e+00 
1.372960e+00 
1.362550e+00 
1.349620e+00 
1.321770e+00 
1.286170e+00 
1.233980e+00 
1.166180e+00 
1.080080e+00 
9.669980e-01 
8.288430e-01 
6.597110e-01 
4.518000e-01 
2.093140e-01 
-6.693630e-02 
-3.735090e-01 
-6.966050e-01 
-1.028320e+00 
-1.344210e+00 
-1.631880e+00 
-1.885730e+00 
-2.121820e+00 
-2.342380e+00 
-2.549850e+00 
-2.757190e+00 
-2.956050e+00 
-3.129250e+00 
-3.280560e+00 
-3.388040e+00 
-3.434210e+00 
-3.424090e+00 
-3.357710e+00 
-3.216180e+00 
-3.011200e+00 
-2.765510e+00 
-2.467760e+00 
-2.127730e+00 
-1.769590e+00 
-1.383070e+00 
-9.795410e-01 
-5.750380e-01 
-1.602570e-01 
2.450120e-01 
6.477760e-01 
1.034620e+00 
1.411170e+00 
1.763750e+00 
2.104380e+00 
2.410190e+00 
2.698090e+00 
2.953740e+00 
3.177080e+00 
3.374450e+00 
3.532600e+00 
3.650570e+00 
3.731810e+00 
3.770910e+00 
3.740070e+00 
3.637380e+00 
3.460850e+00 
3.202860e+00 
2.861330e+00 
2.442020e+00 
1.973390e+00 
1.479510e+00 
9.926190e-01 
5.328110e-01 
1.036960e-01 
-2.682530e-01 
-5.570090e-01 
-7.549760e-01 
-8.626120e-01 
-8.876500e-01 
-8.574520e-01 
-7.973010e-01 
-7.260610e-01 
-6.653120e-01 
-6.242280e-01 
-6.042070e-01 
-6.248110e-01 
-6.538210e-01 
-6.731200e-01 
-6.638200e-01 
-6.212580e-01 
-5.037350e-01 
-3.194090e-01 
-5.826070e-02 
2.527180e-01 
5.639510e-01 
8.537500e-01 
1.123050e+00 
1.311260e+00 
1.455910e+00 
1.504340e+00 
1.506320e+00 
1.465890e+00 
1.377480e+00 
1.272460e+00 
1.167020e+00 
1.060820e+00 
9.620570e-01 
8.615550e-01 
7.587660e-01 
6.383160e-01 
4.957330e-01 
3.261140e-01 
1.315250e-01 
-8.563120e-02 
-3.213280e-01 
-5.650750e-01 
-8.180650e-01 
-1.059080e+00 
-1.283730e+00 
-1.492480e+00 
-1.663220e+00 
-1.841760e+00 
-2.003030e+00 
-2.130660e+00 
-2.254510e+00 
-2.376280e+00 
-2.477030e+00 
-2.581980e+00 
-2.692050e+00 
-2.789400e+00 
-2.844750e+00 
-2.942940e+00 
-2.996100e+00 
-3.114000e+00 
-3.192600e+00 
-3.296600e+00 
-3.428680e+00 
-3.517710e+00 
-3.596980e+00 
-3.688260e+00 
-3.788690e+00 
-3.834970e+00 
-3.896720e+00 
-3.932500e+00 
-3.942440e+00 
-3.959200e+00 
-4.009460e+00 
-4.008930e+00 
-4.041570e+00 
-4.057690e+00 
-4.054210e+00 
-4.081190e+00 
-4.039810e+00 
-4.038800e+00 
-3.985260e+00 
-3.947070e+00 
-3.906960e+00 
-3.832180e+00 
-3.797030e+00 
-3.701690e+00 
-3.648140e+00 
-3.579250e+00 
-3.503720e+00 
-3.448090e+00 
-3.331060e+00 
-3.279420e+00 
-3.187990e+00 
-3.154100e+00 
-3.055410e+00 
-3.018520e+00 
-2.937200e+00 
-2.919060e+00 
-2.842650e+00 
-2.798590e+00 
-2.767770e+00 
-2.706470e+00 
-2.692880e+00 
-2.634070e+00 
-2.597210e+00 
-2.551320e+00 
-2.529200e+00 
-2.460450e+00 
-2.424720e+00 
-2.387430e+00 
-2.339400e+00 
-2.257210e+00 
-2.217580e+00 
-2.169250e+00 
-2.095540e+00 
-2.038180e+00 
-1.964520e+00 
-1.905710e+00 
-1.846060e+00 
-1.777000e+00 
-1.699950e+00 
-1.611570e+00 
-1.538560e+00 
-1.447190e+00 
-1.357440e+00 
-1.274490e+00 
-1.160250e+00 
-1.055460e+00 
-9.372250e-01 
-8.135430e-01 
-6.998480e-01 
-5.709960e-01 
-4.561390e-01 
-3.384990e-01 
-2.282700e-01 
-1.285830e-01 
-3.666880e-02 
4.471540e-02 
1.104700e-01 
1.689960e-01 
2.073890e-01 
2.432780e-01 
2.563600e-01 
2.706410e-01 
2.635140e-01 
2.632210e-01 
2.450430e-01 
2.341170e-01 
2.128330e-01 
1.987830e-01 
1.827520e-01 
1.673520e-01 
1.615960e-01 
1.501300e-01 
1.540570e-01 
1.547120e-01 
1.565000e-01 
1.695000e-01 
1.736750e-01 
1.852620e-01 
1.968570e-01 
1.987860e-01 
2.060910e-01 
2.078530e-01 
2.024690e-01 
1.919400e-01 
1.803510e-01 
1.589870e-01 
1.290030e-01 
9.782110e-02 
6.037320e-02 
1.726380e-02 
-2.891520e-02 
-7.773960e-02 
-1.260930e-01 
-1.733590e-01 
-2.202290e-01 
-2.638410e-01 
-3.009980e-01 
-3.317730e-01 
-3.556060e-01 
-3.713200e-01 
-3.830890e-01 
-3.865930e-01 
-3.810410e-01 
-3.715080e-01 
-3.589070e-01 
-3.335010e-01 
-3.090830e-01 
-2.787230e-01 
-2.372340e-01 
-2.011130e-01 
-1.496490e-01 
-1.075460e-01 
-4.589780e-02 
1.104380e-02 
7.595720e-02 
1.548610e-01 
2.283810e-01 
3.144020e-01 
4.129620e-01 
5.049660e-01 
6.034800e-01 
7.081990e-01 
8.158700e-01 
9.197440e-01 
1.013990e+00 
1.099760e+00 
1.174720e+00 
1.235190e+00 
1.276470e+00 
1.297630e+00 
1.297120e+00 
1.273300e+00 
1.228950e+00 
1.170220e+00 
1.092610e+00 
1.007850e+00 
9.156230e-01 
8.218150e-01 
7.263950e-01 
6.414150e-01 
5.566680e-01 
4.885700e-01 
4.273840e-01 
3.804960e-01 
3.530520e-01 
3.315740e-01 
3.276490e-01 
3.400680e-01 
3.596920e-01 
3.982360e-01 
4.473210e-01 
5.001960e-01 
5.689350e-01 
6.418690e-01 
7.130040e-01 
7.966500e-01 
8.826100e-01 
9.607270e-01 
1.041780e+00 
1.123900e+00 
1.193160e+00 
1.257600e+00 
1.315380e+00 
1.360410e+00 
1.395960e+00 
1.416310e+00 
1.417560e+00 
1.404690e+00 
1.371270e+00 
1.321360e+00 
1.254890e+00 
1.172380e+00 
1.077760e+00 
9.652190e-01 
8.454580e-01 
7.167310e-01 
5.852510e-01 
4.537060e-01 
3.102910e-01 
1.700860e-01 
3.616880e-02 
-9.785480e-02 
-2.311060e-01 
-3.400200e-01 
-4.493320e-01 
-5.555310e-01 
-6.476640e-01 
-7.338820e-01 
-8.084930e-01 
-8.788120e-01 
-9.422040e-01 
-9.832200e-01 
-1.022130e+00 
-1.035470e+00 
-1.030160e+00 
-1.011340e+00 
-9.611050e-01 
-9.110000e-01 
-8.376490e-01 
-7.481550e-01 
-6.657270e-01 
-5.666000e-01 
-4.638390e-01 
-3.698400e-01 
-2.677240e-01 
-1.766890e-01 
-9.279080e-02 
-1.346820e-02 
4.447350e-02 
8.297040e-02 
1.162020e-01 
1.340990e-01 
1.392300e-01 
1.466060e-01 
1.595480e-01 
1.766060e-01 
1.956500e-01 
2.316210e-01 
2.818930e-01 
3.400880e-01 
3.947720e-01 
4.623260e-01 
5.348060e-01 
6.055210e-01 
6.709310e-01 
7.287280e-01 
7.841040e-01 
8.198530e-01 
8.516630e-01 
8.769450e-01 
8.950080e-01 
9.044590e-01 
9.028240e-01 
8.931170e-01 
8.741540e-01 
8.354170e-01 
7.897910e-01 
7.389600e-01 
6.739590e-01 
6.052180e-01 
5.354000e-01 
4.598890e-01 
3.807740e-01 
3.030490e-01 
2.285700e-01 
1.528640e-01 
8.063930e-02 
1.492970e-02 
-4.489820e-02 
-1.015930e-01 
-1.508560e-01 
-1.900780e-01 
-2.183980e-01 
-2.392700e-01 
-2.518090e-01 
-2.515400e-01 
-2.388530e-01 
-2.144680e-01 
-1.817260e-01 
-1.399680e-01 
-9.024640e-02 
-3.290240e-02 
3.097060e-02 
1.007000e-01 
1.732860e-01 
2.491100e-01 
3.249700e-01 
4.023930e-01 
4.811610e-01 
5.581000e-01 
6.329950e-01 
7.050540e-01 
7.674930e-01 
8.258030e-01 
8.791100e-01 
9.196840e-01 
9.530260e-01 
9.743950e-01 
9.835130e-01 
9.868760e-01 
9.712290e-01 
9.468730e-01 
9.121310e-01 
8.639550e-01 
8.085800e-01 
7.424300e-01 
6.691500e-01 
5.899450e-01 
5.073500e-01 
4.202370e-01 
3.334770e-01 
2.485970e-01 
1.644960e-01 
8.887160e-02 
2.074600e-02 
-3.652370e-02 
-8.050290e-02 
-1.131620e-01 
-1.314950e-01 
-1.335720e-01 
-1.255720e-01 
-9.926480e-02 
-6.664680e-02 
-2.251430e-02 
3.191760e-02 
8.923900e-02 
1.585510e-01 
2.226980e-01 
3.032220e-01 
3.658710e-01 
4.407650e-01 
5.117400e-01 
5.757290e-01 
6.352820e-01 
7.018310e-01 
7.490210e-01 
8.049990e-01 
8.618200e-01 
9.091170e-01 
9.582210e-01 
1.010270e+00 
1.067160e+00 
1.114890e+00 
1.172420e+00 
1.224350e+00 
1.286160e+00 
1.336510e+00 
1.391610e+00 
1.444800e+00 
1.504000e+00 
1.555370e+00 
1.609720e+00 
1.663340e+00 
1.714600e+00 
1.762550e+00 
1.808100e+00 
1.842670e+00 
1.873770e+00 
1.890420e+00 
1.901480e+00 
1.897350e+00 
1.884270e+00 
1.855260e+00 
1.816520e+00 
1.761420e+00 
1.696300e+00 
1.616150e+00 
1.526390e+00 
1.423130e+00 
1.311360e+00 
1.185690e+00 
1.051700e+00 
9.072410e-01 
7.542760e-01 
5.952830e-01 
4.310550e-01 
2.636450e-01 
9.299030e-02 
-7.663570e-02 
-2.432550e-01 
-4.027100e-01 
-5.530960e-01 
-6.980120e-01 
-8.310790e-01 
-9.524490e-01 
-1.063890e+00 
-1.171030e+00 
-1.268860e+00 
-1.360540e+00 
-1.446930e+00 
-1.526080e+00 
-1.603920e+00 
-1.674550e+00 
-1.738870e+00 
-1.797940e+00 
-1.848510e+00 
-1.890790e+00 
-1.926150e+00 
-1.950700e+00 
-1.965150e+00 
-1.970080e+00 
-1.966660e+00 
-1.953340e+00 
-1.930760e+00 
-1.897270e+00 
-1.857940e+00 
-1.812350e+00 
-1.758260e+00 
-1.701220e+00 
-1.637790e+00 
-1.576370e+00 
-1.506470e+00 
-1.439180e+00 
-1.370720e+00 
-1.302580e+00 
-1.231060e+00 
-1.166330e+00 
-1.097700e+00 
-1.032480e+00 
-9.672870e-01 
-9.002690e-01 
-8.379340e-01 
-7.743000e-01 
-7.121080e-01 
-6.489440e-01 
-5.887010e-01 
-5.275720e-01 
-4.705030e-01 
-4.130600e-01 
-3.616760e-01 
-3.152250e-01 
-2.734830e-01 
-2.399470e-01 
-2.116310e-01 
-1.899260e-01 
-1.767070e-01 
-1.717490e-01 
-1.679180e-01 
-1.667920e-01 
-1.681420e-01 
-1.709840e-01 
-1.737640e-01 
-1.760910e-01 
-1.789440e-01 
-1.838710e-01 
-1.917620e-01 
-2.013660e-01 
-2.128300e-01 
-2.254520e-01 
-2.380520e-01 
-2.524470e-01 
-2.615800e-01 
-2.620670e-01 
-2.544720e-01 
-2.386190e-01 
-2.116560e-01 
-1.761670e-01 
-1.332420e-01 
-8.197580e-02 
-3.059620e-02 
2.335500e-02 
7.543580e-02 
1.227280e-01 
1.657230e-01 
2.006060e-01 
2.298200e-01 
2.483070e-01 
2.622260e-01 
2.700070e-01 
2.782900e-01 
2.798560e-01 
2.766290e-01 
2.665100e-01 
2.506930e-01 
2.188910e-01 
1.709970e-01 
7.915280e-02 
-4.709070e-02 
-2.117350e-01 
-4.243730e-01 
-6.612960e-01 
-9.081380e-01 
-1.151350e+00 
-1.314340e+00 
-1.466010e+00 
-1.546460e+00 
-1.547280e+00 
-1.544830e+00 
-1.521770e+00 
-1.488860e+00 
-1.456580e+00 
-1.437220e+00 
-1.425060e+00 
-1.422450e+00 
-1.432300e+00 
-1.456520e+00 
-1.486890e+00 
-1.523690e+00 
-1.568660e+00 
-1.619770e+00 
-1.672390e+00 
-1.723230e+00 
-1.767500e+00 
-1.810510e+00 
-1.845950e+00 
-1.875490e+00 
-1.894740e+00 
-1.904160e+00 
-1.897090e+00 
-1.876270e+00 
-1.849200e+00 
-1.809880e+00 
-1.755740e+00 
-1.685560e+00 
-1.607320e+00 
-1.525220e+00 
-1.430060e+00 
-1.324230e+00 
-1.209440e+00 
-1.102230e+00 
-9.797150e-01 
-8.584900e-01 
-7.408720e-01 
-6.272320e-01 
-5.206040e-01 
-4.046540e-01 
-3.093810e-01 
-2.124800e-01 
-9.615600e-02 
2.237840e-02 
1.494880e-01 
2.894640e-01 
4.491060e-01 
5.740540e-01 
6.739340e-01 
7.346510e-01 
7.452920e-01 
7.260520e-01 
6.622560e-01 
5.833310e-01 
4.971830e-01 
4.200860e-01 
3.671920e-01 
3.165970e-01 
2.856710e-01 
2.746090e-01 
2.774120e-01 
2.648000e-01 
2.808500e-01 
2.642800e-01 
2.717570e-01 
2.474770e-01 
2.395160e-01 
2.164620e-01 
1.994300e-01 
1.862730e-01 
1.657090e-01 
1.521870e-01 
1.432220e-01 
1.234840e-01 
1.163270e-01 
1.137450e-01 
1.070920e-01 
1.004500e-01 
9.996110e-02 
1.017340e-01 
1.041360e-01 
1.076150e-01 
1.136120e-01 
1.182550e-01 
1.239930e-01 
1.293930e-01 
1.360260e-01 
1.409690e-01 
1.410010e-01 
1.367790e-01 
1.317180e-01 
1.254540e-01 
1.155990e-01 
1.019900e-01 
8.398210e-02 
6.410140e-02 
4.166750e-02 
2.327350e-02 
8.717690e-03 
-3.207420e-03 
-1.261940e-02 
-1.536440e-02 
-1.018600e-02 
7.705320e-03 
3.194570e-02 
6.102130e-02 
9.635700e-02 
1.407770e-01 
1.816770e-01 
2.213950e-01 
2.625600e-01 
2.953630e-01 
3.184350e-01 
3.332030e-01 
3.371220e-01 
3.328170e-01 
3.059670e-01 
2.903850e-01 
2.405900e-01 
2.080220e-01 
1.488160e-01 
1.182230e-01 
4.976110e-02 
1.521770e-02 
-3.662450e-02 
-8.317230e-02 
-1.077560e-01 
-1.609430e-01 
-1.928980e-01 
-2.110620e-01 
-2.485230e-01 
-2.863230e-01 
-3.207800e-01 
-3.543570e-01 
-3.878280e-01 
-4.234500e-01 
-4.527620e-01 
-4.728780e-01 
-4.856820e-01 
-4.929140e-01 
-4.982300e-01 
-5.053690e-01 
-5.173740e-01 
-5.369390e-01 
-5.657350e-01 
-6.055660e-01 
-6.575940e-01 
-7.187910e-01 
-7.861090e-01 
-8.564950e-01 
-9.265030e-01 
-9.912370e-01 
-1.044150e+00 
-1.078170e+00 
-1.094190e+00 
-1.085580e+00 
-1.045670e+00 
-9.814970e-01 
-8.897930e-01 
-7.714090e-01 
-6.381420e-01 
-4.854360e-01 
-3.300700e-01 
-1.667180e-01 
-1.230380e-02 
1.382280e-01 
2.795880e-01 
4.116200e-01 
5.337610e-01 
6.495890e-01 
7.588360e-01 
8.607790e-01 
9.608060e-01 
1.059530e+00 
1.155060e+00 
1.248340e+00 
1.337610e+00 
1.418770e+00 
1.490970e+00 
1.550610e+00 
1.595910e+00 
1.631630e+00 
1.655500e+00 
1.674070e+00 
1.691740e+00 
1.716670e+00 
1.751710e+00 
1.806640e+00 
1.884250e+00 
1.987510e+00 
2.116910e+00 
2.264190e+00 
2.429090e+00 
2.610410e+00 
2.790940e+00 
2.973610e+00 
3.152670e+00 
3.323170e+00 
3.487140e+00 
3.638610e+00 
3.777690e+00 
3.911500e+00 
4.029860e+00 
4.138750e+00 
4.243210e+00 
4.329830e+00 
4.407490e+00 
4.477840e+00 
4.528770e+00 
4.562880e+00 
4.587100e+00 
4.592310e+00 
4.564610e+00 
4.512400e+00 
4.437910e+00 
4.325580e+00 
4.180040e+00 
3.996890e+00 
3.790560e+00 
3.549020e+00 
3.294220e+00 
3.025010e+00 
2.755200e+00 
2.514800e+00 
2.273080e+00 
2.052050e+00 
1.844120e+00 
1.630140e+00 
1.411770e+00 
1.182450e+00 
9.278200e-01 
6.480010e-01 
3.371910e-01 
-1.108350e-02 
-3.955610e-01 
-8.183930e-01 
-1.281130e+00 
-1.780530e+00 
-2.325220e+00 
-2.933770e+00 
-3.629820e+00 
-4.394870e+00 
-5.239290e+00 
-6.114850e+00 
-6.923590e+00 
-7.482160e+00 
-7.644830e+00 
-7.418770e+00 
-6.921360e+00 
-6.426310e+00 
-6.062390e+00 
-5.928270e+00 
-5.952520e+00 
-6.101680e+00 
-6.209030e+00 
-6.392050e+00 
-6.538430e+00 
-6.689640e+00 
-6.862860e+00 
-7.021040e+00 
-7.145700e+00 
-7.204120e+00 
-7.242610e+00 
-7.243540e+00 
-7.224190e+00 
-7.226550e+00 
-7.150210e+00 
-7.159970e+00 
-7.159940e+00 
-7.151650e+00 
-7.173180e+00 
-7.241050e+00 
-7.342650e+00 
-7.410110e+00 
-7.415530e+00 
-7.384150e+00 
-7.322520e+00 
-7.232790e+00 
-7.116490e+00 
-6.933940e+00 
-6.771470e+00 
-6.631890e+00 
-6.501650e+00 
-6.361680e+00 
-6.245690e+00 
-6.142130e+00 
-6.051140e+00 
-5.957240e+00 
-5.871170e+00 
-5.811360e+00 
-5.763160e+00 
-5.731540e+00 
-5.726750e+00 
-5.735040e+00 
-5.746280e+00 
-5.759330e+00 
-5.766390e+00 
-5.765030e+00 
-5.721810e+00 
-5.660490e+00 
-5.593100e+00 
-5.523510e+00 
-5.454450e+00 
-5.385650e+00 
-5.314800e+00 
-5.241500e+00 
-5.165310e+00 
-5.085910e+00 
-5.003020e+00 
-4.915620e+00 
-4.818830e+00 
-4.703160e+00 
-4.583300e+00 
-4.462080e+00 
-4.340720e+00 
-4.220230e+00 
-4.096850e+00 
-3.971670e+00 
-3.835920e+00 
-3.701560e+00 
-3.571340e+00 
-3.445170e+00 
-3.323240e+00 
-3.199850e+00 
-3.081820e+00 
-2.966000e+00 
-2.850920e+00 
-2.737880e+00 
-2.627540e+00 
-2.521790e+00 
-2.419290e+00 
-2.317330e+00 
-2.219500e+00 
-2.125420e+00 
-2.033100e+00 
-1.942980e+00 
-1.856820e+00 
-1.771970e+00 
-1.687720e+00 
-1.604440e+00 
-1.526840e+00 
-1.450440e+00 
-1.375610e+00 
-1.302770e+00 
-1.237310e+00 
-1.177010e+00 
-1.121420e+00 
-1.073180e+00 
-1.037250e+00 
-1.011700e+00 
-9.959070e-01 
-9.897650e-01 
-9.963930e-01 
-1.013990e+00 
-1.040160e+00 
-1.073990e+00 
-1.118640e+00 
-1.172320e+00 
-1.236160e+00 
-1.308380e+00 
-1.382820e+00 
-1.467710e+00 
-1.555020e+00 
-1.623880e+00 
-1.678890e+00 
-1.715540e+00 
-1.718020e+00 
-1.698430e+00 
-1.659200e+00 
-1.598340e+00 
-1.540430e+00 
-1.479290e+00 
-1.429840e+00 
-1.391980e+00 
-1.374110e+00 
-1.371610e+00 
-1.394670e+00 
-1.428700e+00 
-1.487770e+00 
-1.563250e+00 
-1.647680e+00 
-1.750960e+00 
-1.865700e+00 
-1.982110e+00 
-2.109750e+00 
-2.242940e+00 
-2.379150e+00 
-2.509570e+00 
-2.636240e+00 
-2.758300e+00 
-2.865570e+00 
-2.957790e+00 
-3.032730e+00 
-3.090240e+00 
-3.120340e+00 
-3.128550e+00 
-3.118250e+00 
-3.090520e+00 
-3.047780e+00 
-2.984390e+00 
-2.910170e+00 
-2.832070e+00 
-2.753900e+00 
-2.678680e+00 
-2.608630e+00 
-2.540780e+00 
-2.477780e+00 
-2.422950e+00 
-2.375740e+00 
-2.334660e+00 
-2.298230e+00 
-2.265030e+00 
-2.229640e+00 
-2.195430e+00 
-2.162720e+00 
-2.130110e+00 
-2.096190e+00 
-2.056900e+00 
-2.011420e+00 
-1.963920e+00 
-1.914990e+00 
-1.863950e+00 
-1.810800e+00 
-1.756180e+00 
-1.701210e+00 
-1.647220e+00 
-1.595190e+00 
-1.547480e+00 
-1.502730e+00 
-1.461080e+00 
-1.422350e+00 
-1.386690e+00 
-1.354150e+00 
-1.324100e+00 
-1.297020e+00 
-1.271230e+00 
-1.245620e+00 
-1.217210e+00 
-1.186320e+00 
-1.155300e+00 
-1.121850e+00 
-1.085560e+00 
-1.046820e+00 
-1.009790e+00 
-9.719910e-01 
-9.325870e-01 
-8.938970e-01 
-8.580080e-01 
-8.186450e-01 
-7.789200e-01 
-7.434410e-01 
-7.091390e-01 
-6.767880e-01 
-6.469560e-01 
-6.186840e-01 
-5.918410e-01 
-5.686070e-01 
-5.464580e-01 
-5.267870e-01 
-5.087050e-01 
-4.920940e-01 
-4.788890e-01 
-4.657290e-01 
-4.564640e-01 
-4.464820e-01 
-4.407940e-01 
-4.331830e-01 
-4.294960e-01 
-4.226270e-01 
-4.196170e-01 
-4.118420e-01 
-4.073660e-01 
-3.965070e-01 
-3.883010e-01 
-3.718830e-01 
-3.582600e-01 
-3.390050e-01 
-3.207920e-01 
-2.974020e-01 
-2.740370e-01 
-2.493670e-01 
-2.245920e-01 
-1.983150e-01 
-1.720390e-01 
-1.466310e-01 
-1.225900e-01 
-9.939630e-02 
-7.792040e-02 
-5.854670e-02 
-4.167610e-02 
-2.424080e-02 
-6.341280e-03 
9.800500e-03 
2.470920e-02 
3.759100e-02 
5.140860e-02 
6.226790e-02 
7.998560e-02 
9.176060e-02 
1.069270e-01 
1.189160e-01 
1.320470e-01 
1.397680e-01 
1.450630e-01 
1.462960e-01 
1.469860e-01 
1.406870e-01 
1.336330e-01 
1.172520e-01 
1.036290e-01 
8.257280e-02 
5.841470e-02 
3.162070e-02 
3.567060e-04 
-3.023350e-02 
-6.323510e-02 
-9.591800e-02 
-1.251960e-01 
-1.504580e-01 
-1.737400e-01 
-1.907930e-01 
-1.928990e-01 
-1.875330e-01 
-1.676700e-01 
-1.317180e-01 
-8.004640e-02 
-1.255220e-02 
7.229400e-02 
1.752930e-01 
2.950260e-01 
4.297860e-01 
5.777640e-01 
7.337990e-01 
8.926710e-01 
1.053070e+00 
1.204720e+00 
1.347070e+00 
1.475040e+00 
1.594360e+00 
1.695960e+00 
1.770760e+00 
1.835920e+00 
1.878430e+00 
1.894940e+00 
1.892310e+00 
1.867910e+00 
1.817420e+00 
1.758980e+00 
1.684980e+00 
1.601710e+00 
1.524820e+00 
1.451690e+00 
1.371970e+00 
1.313170e+00 
1.273550e+00 
1.236030e+00 
1.201870e+00 
1.158130e+00 
1.125240e+00 
1.084040e+00 
1.050050e+00 
9.974560e-01 
9.268970e-01 
8.596890e-01 
7.596550e-01 
6.799890e-01 
5.832380e-01 
4.934270e-01 
4.061920e-01 
3.048860e-01 
2.167130e-01 
1.170380e-01 
2.281940e-02 
-4.827140e-02 
-1.387220e-01 
-1.903630e-01 
-2.687010e-01 
-3.388600e-01 
-3.681360e-01 
-4.221410e-01 
-4.902470e-01 
-5.012110e-01 
-5.348320e-01 
-5.943700e-01 
-6.122990e-01 
-6.378180e-01 
-6.940160e-01 
-7.320690e-01 
-7.571550e-01 
-8.146710e-01 
-8.791580e-01 
-9.187040e-01 
-9.756150e-01 
-1.057340e+00 
-1.123870e+00 
-1.188160e+00 
-1.254510e+00 
-1.327520e+00 
-1.389110e+00 
-1.455970e+00 
-1.526940e+00 
-1.587900e+00 
-1.634400e+00 
-1.680110e+00 
-1.723920e+00 
-1.745670e+00 
-1.769820e+00 
-1.795850e+00 
-1.804850e+00 
-1.825550e+00 
-1.819410e+00 
-1.810410e+00 
-1.811990e+00 
-1.804790e+00 
-1.781350e+00 
-1.760610e+00 
-1.729450e+00 
-1.683110e+00 
-1.630450e+00 
-1.541460e+00 
-1.448480e+00 
-1.310810e+00 
-1.164200e+00 
-9.777400e-01 
-7.714010e-01 
-5.479560e-01 
-3.256150e-01 
-1.049010e-01 
9.950660e-02 
2.825600e-01 
4.456430e-01 
5.804200e-01 
6.975430e-01 
7.958130e-01 
8.906200e-01 
9.855780e-01 
1.093820e+00 
1.227240e+00 
1.377900e+00 
1.568290e+00 
1.769640e+00 
1.967830e+00 
2.175110e+00 
2.364780e+00 
2.516820e+00 
2.638830e+00 
2.725200e+00 
2.775290e+00 
2.787630e+00 
2.771050e+00 
2.731340e+00 
2.671530e+00 
2.595050e+00 
2.503310e+00 
2.405020e+00 
2.303610e+00 
2.202560e+00 
2.105280e+00 
2.014820e+00 
1.933350e+00 
1.860630e+00 
1.803090e+00 
1.760640e+00 
1.732180e+00 
1.717580e+00 
1.716480e+00 
1.728830e+00 
1.754010e+00 
1.789570e+00 
1.831250e+00 
1.877680e+00 
1.927280e+00 
1.978330e+00 
2.028950e+00 
2.076900e+00 
2.119960e+00 
2.156090e+00 
2.186460e+00 
2.210610e+00 
2.228800e+00 
2.239730e+00 
2.242790e+00 
2.237620e+00 
2.224270e+00 
2.203610e+00 
2.177460e+00 
2.146540e+00 
2.112570e+00 
2.080230e+00 
2.047430e+00 
2.014270e+00 
1.983380e+00 
1.953150e+00 
1.924740e+00 
1.897030e+00 
1.871350e+00 
1.847780e+00 
1.827820e+00 
1.808900e+00 
1.794650e+00 
1.781110e+00 
1.774090e+00 
1.767240e+00 
1.763210e+00 
1.751920e+00 
1.739920e+00 
1.713670e+00 
1.679200e+00 
1.627310e+00 
1.555750e+00 
1.463930e+00 
1.344040e+00 
1.196000e+00 
1.017640e+00 
8.067160e-01 
5.660310e-01 
2.999570e-01 
1.499020e-02 
-2.808830e-01 
-5.760050e-01 
-8.574720e-01 
-1.116810e+00 
-1.339460e+00 
-1.515110e+00 
-1.653680e+00 
-1.735160e+00 
-1.777840e+00 
-1.784900e+00 
-1.761430e+00 
-1.722210e+00 
-1.664830e+00 
-1.597870e+00 
-1.530610e+00 
-1.456590e+00 
-1.382080e+00 
-1.302170e+00 
-1.219620e+00 
-1.141980e+00 
-1.063740e+00 
-9.842300e-01 
-9.091580e-01 
-8.368670e-01 
-7.896620e-01 
-7.480650e-01 
-7.175460e-01 
-7.166000e-01 
-7.319840e-01 
-7.780770e-01 
-8.493030e-01 
-9.463680e-01 
-1.068000e+00 
-1.216220e+00 
-1.384020e+00 
-1.565890e+00 
-1.753550e+00 
-1.937740e+00 
-2.106660e+00 
-2.254080e+00 
-2.377330e+00 
-2.469400e+00 
-2.522420e+00 
-2.559140e+00 
-2.560010e+00 
-2.539170e+00 
-2.510980e+00 
-2.450810e+00 
-2.387890e+00 
-2.321040e+00 
-2.232430e+00 
-2.146790e+00 
-2.061580e+00 
-1.967020e+00 
-1.868340e+00 
-1.783800e+00 
-1.686790e+00 
-1.599000e+00 
-1.518230e+00 
-1.427610e+00 
-1.349390e+00 
-1.272770e+00 
-1.174400e+00 
-1.081220e+00 
-9.852490e-01 
-8.753370e-01 
-7.584540e-01 
-6.408110e-01 
-5.192520e-01 
-3.744100e-01 
-2.325690e-01 
-9.323930e-02 
2.464280e-02 
1.607130e-01 
2.968760e-01 
4.027790e-01 
5.183490e-01 
6.267670e-01 
7.263380e-01 
8.015290e-01 
8.852480e-01 
9.562590e-01 
1.014310e+00 
1.064550e+00 
1.119740e+00 
1.174690e+00 
1.233970e+00 
1.296060e+00 
1.359640e+00 
1.433310e+00 
1.510340e+00 
1.588580e+00 
1.674810e+00 
1.740970e+00 
1.816920e+00 
1.876270e+00 
1.933860e+00 
1.983800e+00 
2.019580e+00 
2.050920e+00 
2.065760e+00 
2.069470e+00 
2.059660e+00 
2.037510e+00 
2.012940e+00 
1.972090e+00 
1.930740e+00 
1.880750e+00 
1.824570e+00 
1.764720e+00 
1.702720e+00 
1.637090e+00 
1.571130e+00 
1.503770e+00 
1.436160e+00 
1.365710e+00 
1.292240e+00 
1.214520e+00 
1.133680e+00 
1.046060e+00 
9.575330e-01 
8.605530e-01 
7.570200e-01 
6.489100e-01 
5.324890e-01 
4.144280e-01 
