2.093688
1.962650
1.973990
2.048905
1.979027
2.004891
2.083806
2.117264
1.971921
2.005359
2.139138
1.998210
2.192675
2.086501
2.075023
2.113542
2.226439
2.264166
2.287043
2.268545
2.342265
2.272099
2.402116
2.342784
2.423514
2.473138
2.516415
2.688280
2.629292
2.751171
2.794080
2.902093
2.969199
3.062006
3.021564
3.241244
3.306822
3.437263
3.411834
3.624274
3.545943
3.694761
3.742308
3.889991
3.956087
3.844502
4.006490
3.917720
3.897493
3.873393
3.864181
3.711063
3.508806
3.405806
3.368034
3.235128
3.087785
2.962545
2.782251
2.758468
2.609186
2.363507
2.401890
2.164277
2.114780
1.945071
1.916979
1.818569
1.750513
1.734220
1.548876
1.619330
1.478997
1.479434
1.386700
1.235623
1.335944
1.310596
1.107810
1.124693
1.137204
1.125619
1.113198
1.044881
1.040648
0.881387
0.849315
0.820284
0.853538
0.732895
0.738708
0.751550
0.716142
0.768107
0.706317
0.773576
0.636312
0.760531
0.673158
0.579006
0.575191
0.585127
0.648257
0.538971
0.659251
0.539809
0.495787
0.481504
0.480229
0.446904
0.420674
0.490608
0.510561
0.427584
0.416882
0.450454
0.518279
0.509909
0.372173
0.425762
0.391303
0.482786
0.374601
0.444008
0.453609
0.342330
0.391711
0.381088
0.292892
0.262213
0.424656
0.371736
0.233472
0.411699
0.280835
0.320150
0.334891
0.367470
0.356922
0.234318
0.182852
0.178813
0.271975
0.262073
0.363592
0.174042
0.293053
0.165970
0.217267
0.341757
