1.993589
1.989296
1.951078
1.965082
1.916413
1.958496
2.041573
1.956344
2.146244
2.068670
2.051712
2.065251
2.147854
2.119250
2.165543
2.268136
2.295662
2.314404
2.337254
2.215111
2.271750
2.330228
2.417707
2.517581
2.483848
2.494165
2.636650
2.745522
2.781325
2.749903
2.884688
2.941592
3.089708
3.161265
3.073611
3.270303
3.362215
3.486528
3.476925
3.594601
3.660689
3.775042
3.987035
4.037107
4.012320
4.060094
4.149657
4.177631
4.047074
4.098851
3.877743
3.908668
3.830334
3.547293
3.409662
3.255243
3.137811
3.037861
2.861295
2.679512
2.734062
2.588163
2.485110
2.355992
2.188251
2.122542
1.981477
1.851127
1.776864
1.709420
1.617842
1.602957
1.430968
1.537340
1.404222
1.428145
1.280639
1.330082
1.155468
1.070338
1.112658
1.029240
1.004294
0.991982
0.903514
0.856492
0.943672
0.960782
0.903576
0.863457
0.801009
0.833695
0.787394
0.682950
0.763528
0.786884
0.649507
0.614329
0.707961
0.681776
0.639782
0.613699
0.552457
0.572521
0.574703
0.493404
0.543052
0.561425
0.556827
0.472405
0.536689
0.401208
0.471742
0.374653
0.498676
0.524604
0.468795
0.484344
0.430315
0.387951
0.329998
0.433663
0.380961
0.397129
0.282478
0.320268
0.383004
0.381086
0.369365
0.314697
0.413284
0.394574
0.269527
0.314927
0.381573
0.264474
0.299818
0.296738
0.305496
0.383806
0.248823
0.373891
0.290032
0.229969
0.270375
0.192459
0.230545
0.266070
0.181471
0.171897
