1.927628
2.059248
2.083831
2.053925
2.016676
1.914871
2.016457
1.979118
2.018498
2.061739
1.968324
2.012889
2.006797
2.003187
2.164631
2.033294
2.143442
2.170309
2.177875
2.212987
2.216911
2.136092
2.153053
2.321900
2.183789
2.212868
2.232111
2.370704
2.304551
2.268533
2.304036
2.476192
2.498954
2.449821
2.448319
2.413205
2.475720
2.448240
2.450204
2.477536
2.373176
2.408393
2.433873
2.466225
2.326233
2.456778
2.370067
2.246143
2.280048
2.327336
2.273904
2.170835
2.064878
2.074331
1.936514
1.992801
1.905725
1.917520
1.781895
1.640190
1.605628
1.724310
1.539430
1.603908
1.553080
1.480790
1.323524
1.274105
1.267992
1.313463
1.275074
1.264052
1.212196
1.155413
1.097240
0.975170
1.077106
1.030142
1.074992
0.897625
0.901764
0.992815
0.810622
0.821845
0.924596
0.717249
0.720432
0.673080
0.791159
0.706916
0.802222
0.751041
0.760553
0.651813
0.705376
0.571715
0.575986
0.646420
0.519390
0.596349
0.537803
0.540968
0.593553
0.609664
0.580353
0.530250
0.449258
0.430702
0.465229
0.547963
0.523553
0.523630
0.531688
0.336562
0.368516
0.491916
0.406057
0.333567
0.461078
0.419356
0.311653
0.469119
0.420149
0.337667
0.359251
0.421316
0.357555
0.292453
0.357919
0.419093
0.322669
0.331460
0.222101
0.325804
0.306441
0.328032
0.267983
0.339279
0.276613
0.217840
0.316521
0.244825
0.289387
0.238681
0.207310
0.189815
0.266569
0.342124
0.303200
0.262683
