 53274.300000
 53163.220000
 53068.160000
 53011.080000
 52990.960000
 53006.640000
 53051.000000
 53119.300000
 53215.600000
 53341.140000
 53470.040000
 53595.980000
 53731.640000
 53857.800000
 53974.620000
 54088.600000
 54187.460000
 54274.720000
 54348.740000
 54404.100000
 54448.060000
 54480.120000
 54491.800000
 54494.160000
 54482.660000
 54455.660000
 54429.260000
 54393.920000
 54345.540000
 54299.680000
 54249.760000
 54203.760000
 54166.860000
 54122.360000
 54088.240000
 54062.940000
 54034.880000
 54018.700000
 54006.560000
 53992.900000
 53984.520000
 53974.400000
 53959.040000
 53943.500000
 53923.880000
 53895.880000
 53865.000000
 53829.900000
 53789.360000
 53744.740000
 53695.840000
 53641.160000
 53582.500000
 53521.660000
 53458.960000
 53392.400000
 53317.640000
 53241.640000
 53163.400000
 53074.700000
 52981.100000
 52886.300000
 52785.660000
 52675.480000
 52564.580000
 52450.300000
 52333.000000
 52213.540000
 52086.900000
 51964.560000
 51849.260000
 51745.200000
 51650.500000
 51561.320000
 51478.920000
 51407.240000
 51343.620000
 51280.160000
 51219.300000
 51156.360000
 51094.600000
 51030.340000
 50963.160000
 50897.080000
 50827.720000
 50757.900000
 50691.800000
 50625.700000
 50561.980000
 50509.920000
 50460.240000
 50427.920000
 50404.820000
 50390.600000
 50401.400000
 50424.800000
 50455.680000
 50514.500000
 50576.640000
 50655.120000
 50729.520000
 50829.240000
 50918.280000
 51018.340000
 51108.580000
 51201.260000
 51279.220000
 51371.560000
 51435.740000
 51504.600000
 51571.760000
 51612.520000
 51655.420000
 51697.500000
 51723.720000
 51733.280000
 51739.720000
 51768.000000
 51783.520000
 51786.700000
 51809.260000
 51820.900000
 51821.940000
 51850.880000
 51856.380000
 51882.440000
 51897.040000
 51918.580000
 51946.680000
 51975.740000
 52003.840000
 52032.480000
 52039.300000
 52048.740000
 52042.140000
 52046.200000
 52020.720000
 52001.820000
 51977.500000
 51949.140000
 51915.840000
 51886.320000
 51885.700000
 51885.860000
 51908.440000
 51941.940000
 51986.180000
 52086.500000
 52197.040000
 52311.360000
 52427.880000
 52550.800000
 52688.900000
 52808.580000
 52901.860000
 52975.700000
 53025.360000
 53054.060000
 53064.600000
 53054.440000
 53034.040000
 53002.700000
 52972.880000
 52928.560000
 52914.000000
 52883.700000
 52872.640000
 52831.500000
 52798.480000
 52784.720000
 52750.700000
 52736.400000
 52734.320000
 52733.520000
 52724.100000
 52690.940000
 52674.200000
 52585.040000
 52504.140000
 52376.320000
 52272.400000
 52185.180000
 52174.120000
 52240.500000
 52331.840000
 52522.380000
 52717.340000
 52941.520000
 53133.680000
 53322.800000
 53469.180000
 53618.580000
 53710.940000
 53778.800000
 53834.760000
 53860.500000
 53860.300000
 53849.600000
 53822.400000
 53781.820000
 53733.740000
 53674.840000
 53609.980000
 53541.100000
 53472.140000
 53407.880000
 53345.080000
 53283.140000
 53223.340000
 53164.420000
 53108.860000
 53053.440000
 52999.840000
 52947.940000
 52894.860000
 52840.900000
 52787.320000
 52733.300000
 52675.600000
 52618.060000
 52565.400000
 52511.240000
 52455.920000
 52403.040000
 52352.200000
 52300.380000
 52248.680000
 52201.100000
 52158.980000
 52117.960000
 52077.240000
 52035.320000
 51993.840000
 51957.760000
 51922.720000
 51887.400000
 51852.980000
 51824.940000
 51796.460000
 51768.960000
 51748.120000
 51728.500000
 51710.780000
 51698.180000
 51686.800000
 51676.500000
 51669.800000
 51662.620000
 51656.340000
 51648.820000
 51640.300000
 51630.360000
 51615.040000
 51598.160000
 51572.720000
 51545.660000
 51506.420000
 51461.980000
 51406.320000
 51343.280000
 51267.760000
 51182.160000
 51085.880000
 50977.240000
 50857.040000
 50726.200000
 50581.820000
 50428.100000
 50260.740000
 50084.160000
 49896.980000
 49698.020000
 49501.280000
 49289.800000
 49083.180000
 48884.600000
 48690.800000
 48516.020000
 48356.320000
 48224.880000
 48124.240000
 48043.100000
 47994.160000
 47971.980000
 47974.360000
 47998.820000
 48038.860000
 48094.280000
 48163.400000
 48243.380000
 48330.420000
 48421.560000
 48517.040000
 48615.780000
 48716.720000
 48818.620000
 48920.960000
 49023.580000
 49126.260000
 49228.900000
 49334.920000
 49440.100000
 49543.760000
 49647.000000
 49743.200000
 49837.300000
 49932.000000
 50023.700000
 50111.580000
 50194.800000
 50266.560000
 50320.500000
 50364.700000
 50397.600000
 50418.100000
 50424.340000
 50408.560000
 50383.040000
 50358.040000
 50341.180000
 50339.280000
 50405.180000
 50551.300000
 50718.440000
 50937.920000
 51188.900000
 51401.860000
 51596.860000
 51717.760000
 51814.060000
 51847.120000
 51870.640000
 51852.080000
 51820.940000
 51782.260000
 51733.080000
 51685.280000
 51639.760000
 51592.980000
 51540.920000
 51504.360000
 51464.560000
 51423.820000
 51372.880000
 51304.360000
 51214.880000
 51104.160000
 50974.320000
 50839.520000
 50699.200000
 50562.560000
 50482.100000
 50459.280000
 50459.320000
 50521.000000
 50597.020000
 50717.160000
 50848.000000
 50974.620000
 51115.680000
 51262.660000
 51409.140000
 51555.000000
 51683.960000
 51830.380000
 51971.280000
 52102.420000
 52227.540000
 52328.820000
 52425.640000
 52507.400000
 52595.020000
 52658.540000
 52713.000000
 52743.460000
 52771.400000
 52788.840000
 52812.260000
 52830.400000
 52864.040000
 52892.440000
 52941.180000
 52970.200000
 53021.760000
 53052.180000
 53074.760000
 53085.860000
 53066.340000
 53032.840000
 52990.720000
 52939.880000
 52881.240000
 52808.380000
 52738.400000
 52680.160000
 52628.620000
 52572.160000
 52504.180000
 52417.460000
 52281.920000
 52114.660000
 51919.120000
 51679.900000
 51398.040000
 51099.200000
 50783.260000
 50493.160000
 50220.380000
 50008.980000
 49788.120000
 49630.580000
 49466.100000
 49327.420000
 49158.620000
 49032.080000
 48895.540000
 48764.300000
 48707.680000
 48665.540000
 48646.840000
 48664.640000
 48689.480000
 48764.500000
 48853.160000
 48991.420000
 49088.600000
 49222.240000
 49317.640000
 49432.620000
 49534.500000
 49661.760000
 49708.480000
 49769.800000
 49758.020000
 49752.360000
 49724.920000
 49626.060000
 49522.560000
 49384.800000
 49216.460000
 49042.100000
 48864.040000
 48691.620000
 48529.780000
 48387.240000
 48270.420000
 48194.100000
 48167.760000
 48204.480000
 48305.560000
 48462.900000
 48675.980000
 48930.620000
 49223.400000
 49532.700000
 49849.480000
 50149.780000
 50439.280000
 50713.460000
 50963.140000
 51188.760000
 51402.200000
 51596.120000
 51771.860000
 51926.000000
 52074.040000
 52209.260000
 52333.780000
 52451.880000
 52564.760000
 52670.360000
 52774.160000
 52880.200000
 52982.140000
 53086.540000
 53192.760000
 53297.420000
 53404.780000
 53509.100000
 53615.040000
 53721.800000
 53824.600000
 53922.980000
 54016.000000
 54108.540000
 54198.100000
 54283.300000
 54362.800000
 54436.900000
 54507.500000
 54573.520000
 54634.940000
 54690.100000
 54740.520000
 54785.740000
 54825.500000
 54861.300000
 54890.660000
 54914.540000
 54933.040000
 54945.560000
 54953.160000
 54955.040000
 54952.780000
 54945.300000
 54932.000000
 54915.220000
 54894.500000
 54870.200000
 54843.440000
 54813.800000
 54782.160000
 54750.700000
 54719.340000
 54687.720000
 54657.760000
 54632.060000
 54609.760000
 54592.040000
 54576.780000
 54563.080000
 54552.760000
 54545.760000
 54538.060000
 54529.440000
 54517.560000
 54503.600000
 54485.500000
 54460.160000
 54428.920000
 54392.840000
 54349.660000
 54298.960000
 54242.360000
 54180.300000
 54113.600000
 54041.000000
 53965.440000
 53888.960000
 53808.740000
 53732.840000
 53657.720000
 53585.020000
 53517.620000
 53447.040000
 53381.340000
 53309.000000
 53241.060000
 53160.560000
 53087.840000
 53002.060000
 52913.620000
 52809.400000
 52695.100000
 52562.220000
 52408.820000
 52225.040000
 52016.720000
 51759.800000
 51460.480000
 51116.840000
 50730.720000
 50297.780000
 49827.020000
 49335.260000
 48844.720000
 48416.480000
 48055.200000
 47790.500000
 47634.440000
 47583.100000
 47610.000000
 47690.260000
 47818.040000
 47955.520000
 48090.620000
 48206.400000
 48293.480000
 48363.300000
 48388.220000
 48368.220000
 48339.080000
 48265.680000
 48161.260000
 48056.020000
 47915.180000
 47777.820000
 47599.580000
 47446.820000
 47260.380000
 47066.160000
 46852.460000
 46618.620000
 46410.160000
 46170.400000
 45922.320000
 45689.240000
 45456.040000
 45249.740000
 45061.720000
 44923.100000
 44801.420000
 44740.240000
 44697.020000
 44692.080000
 44694.880000
 44735.180000
 44779.320000
 44830.860000
 44900.400000
 44959.100000
 45052.160000
 45133.880000
 45245.480000
 45352.880000
 45478.560000
 45608.200000
 45755.900000
 45908.820000
 46082.300000
 46257.420000
 46453.160000
 46650.700000
 46856.600000
 47068.240000
 47278.380000
 47490.580000
 47700.920000
 47905.720000
 48105.400000
 48302.360000
 48491.220000
 48672.080000
 48844.940000
 49012.000000
 49173.160000
 49327.600000
 49475.360000
 49617.180000
 49753.420000
 49884.940000
 50012.800000
 50137.860000
 50262.300000
 50384.160000
 50504.360000
 50623.320000
 50742.000000
 50858.360000
 50973.880000
 51089.780000
 51204.340000
 51314.860000
 51419.920000
 51521.480000
 51618.160000
 51708.240000
 51795.800000
 51870.960000
 51942.140000
 52000.920000
 52053.460000
 52096.920000
 52134.980000
 52165.500000
 52192.100000
 52216.120000
 52238.400000
 52260.760000
 52283.000000
 52312.520000
 52343.940000
 52374.380000
 52409.780000
 52456.160000
 52500.600000
 52542.340000
 52600.620000
 52652.000000
 52696.040000
 52759.800000
 52802.560000
 52855.060000
 52900.160000
 52941.600000
 52970.020000
 53006.300000
 53008.320000
 53033.700000
 53029.900000
 53011.640000
 53013.080000
 52972.020000
 52935.880000
 52901.720000
 52859.240000
 52791.860000
 52727.860000
 52660.220000
 52607.680000
 52524.000000
 52455.500000
 52372.060000
 52298.420000
 52235.140000
 52150.840000
 52079.600000
 52003.480000
 51921.980000
 51867.240000
 51796.140000
 51717.880000
 51655.300000
 51584.980000
 51518.500000
 51458.440000
 51382.660000
 51312.020000
 51244.640000
 51163.340000
 51090.900000
 51005.680000
 50904.580000
 50824.020000
 50727.760000
 50622.980000
 50520.960000
 50401.520000
 50286.760000
 50174.220000
 50046.560000
 49921.060000
 49788.200000
 49643.220000
 49509.120000
 49378.200000
 49239.740000
 49106.500000
 48975.480000
 48842.080000
 48708.800000
 48592.620000
 48480.720000
 48379.980000
 48285.520000
 48210.540000
 48140.320000
 48072.020000
 48004.700000
 47939.700000
 47889.320000
 47842.100000
 47793.200000
 47742.480000
 47695.100000
 47656.080000
 47618.100000
 47584.080000
 47549.280000
 47513.260000
 47476.280000
 47445.600000
 47423.560000
 47409.000000
 47398.720000
 47389.180000
 47384.120000
 47389.140000
 47397.020000
 47411.220000
 47440.260000
 47473.300000
 47518.700000
 47564.980000
 47612.500000
 47670.340000
 47748.760000
 47826.180000
 47901.660000
 47986.120000
 48076.080000
 48162.820000
 48251.420000
 48350.000000
 48442.420000
 48531.560000
 48622.860000
 48706.200000
 48785.600000
 48863.160000
 48928.260000
 48986.760000
 49037.400000
 49077.000000
 49110.360000
 49131.300000
 49142.480000
 49136.080000
 49118.380000
 49088.780000
 49048.620000
 48996.500000
 48934.540000
 48858.020000
 48770.200000
 48671.320000
 48567.080000
 48452.880000
 48333.440000
 48204.960000
 48067.920000
 47933.580000
 47792.320000
 47647.980000
 47508.060000
 47364.520000
 47218.380000
 47082.120000
 46951.000000
 46819.860000
 46690.300000
 46576.840000
 46474.900000
 46375.200000
 46291.720000
 46235.000000
 46182.120000
 46162.040000
 46150.160000
 46160.520000
 46184.900000
 46211.640000
 46249.100000
 46287.300000
 46327.340000
 46378.180000
 46424.080000
 46472.200000
 46510.160000
 46579.500000
 46638.160000
 46701.380000
 46782.760000
 46863.920000
 46947.640000
 47050.300000
 47138.640000
 47257.840000
 47369.160000
 47478.040000
 47597.040000
 47727.880000
 47855.580000
 47981.480000
 48108.400000
 48233.600000
 48362.300000
 48489.380000
 48618.140000
 48738.660000
 48859.720000
 48971.680000
 49079.040000
 49178.100000
 49267.880000
 49350.200000
 49425.660000
 49491.600000
 49546.900000
 49593.080000
 49633.620000
 49663.100000
 49684.720000
 49697.820000
 49701.220000
 49698.400000
 49690.360000
 49672.500000
 49650.020000
 49621.920000
 49593.300000
 49563.480000
 49529.180000
 49493.200000
 49458.720000
 49425.900000
 49394.720000
 49365.920000
 49336.600000
 49310.400000
 49283.120000
 49251.180000
 49217.620000
 49175.920000
 49130.240000
 49076.640000
 49015.400000
 48956.300000
 48887.200000
 48818.320000
 48762.360000
 48681.780000
 48603.640000
 48540.200000
 48458.480000
 48388.480000
 48330.160000
 48258.640000
 48206.240000
 48160.180000
 48110.760000
 48089.620000
 48069.140000
 48066.500000
 48090.080000
 48110.280000
 48159.200000
 48211.180000
 48269.980000
 48337.520000
 48395.220000
 48459.600000
 48518.080000
 48575.000000
 48626.580000
 48673.540000
 48717.120000
 48758.000000
 48795.400000
 48830.160000
 48858.580000
 48883.540000
 48904.500000
 48921.900000
 48935.680000
 48944.080000
 48949.180000
 48950.380000
 48946.020000
 48936.300000
 48921.600000
 48899.440000
 48872.060000
 48841.680000
 48803.100000
 48756.960000
 48710.100000
 48662.280000
 48600.980000
 48534.560000
 48464.420000
 48398.820000
 48333.880000
 48262.360000
 48191.680000
 48121.460000
 48046.700000
 47973.400000
 47906.120000
 47849.640000
 47801.480000
 47759.660000
 47726.620000
 47711.440000
 47715.100000
 47741.200000
 47790.640000
 47859.020000
 47952.060000
 48064.640000
 48177.440000
 48299.380000
 48413.280000
 48528.760000
 48630.020000
 48731.060000
 48822.120000
 48906.260000
 48983.280000
 49054.840000
 49121.440000
 49181.800000
 49237.160000
 49289.040000
 49336.580000
 49382.600000
 49426.620000
 49462.560000
 49497.740000
 49533.780000
 49565.240000
 49596.220000
 49632.320000
 49672.100000
 49713.160000
 49766.400000
 49826.240000
 49885.420000
 49945.880000
 50015.020000
 50089.500000
 50163.620000
 50236.200000
 50320.200000
 50396.840000
 50470.700000
 50556.040000
 50632.820000
 50717.760000
 50794.800000
 50871.360000
 50946.500000
 51017.800000
 51085.600000
 51152.440000
 51208.340000
 51270.860000
 51312.080000
 51372.920000
 51424.100000
 51473.140000
 51531.020000
 51571.000000
 51616.180000
 51666.540000
 51700.380000
 51728.660000
 51768.720000
 51802.340000
 51827.900000
 51838.580000
 51855.760000
 51877.840000
 51890.120000
 51900.600000
 51911.940000
 51921.920000
 51963.180000
 52009.560000
 52057.080000
 52114.900000
 52186.040000
 52264.720000
 52356.620000
 52468.160000
 52587.580000
 52713.180000
 52848.260000
 52982.000000
 53110.840000
 53237.560000
 53354.340000
 53458.720000
 53548.640000
 53623.380000
 53680.800000
 53718.900000
 53735.880000
 53729.940000
 53699.600000
 53644.040000
 53563.800000
 53453.400000
 53311.640000
 53138.520000
 52954.200000
 52732.280000
 52499.900000
 52272.700000
 52032.980000
 51834.720000
 51632.200000
 51485.460000
 51338.060000
 51236.640000
 51160.820000
 51117.420000
 51106.520000
 51108.760000
 51138.500000
 51189.100000
 51259.480000
 51328.520000
 51417.720000
 51499.360000
 51592.760000
 51676.840000
 51752.560000
 51823.700000
 51879.880000
 51924.120000
 51942.860000
 51947.400000
 51928.020000
 51885.500000
 51819.560000
 51731.180000
 51626.580000
 51509.500000
 51387.340000
 51263.320000
 51141.860000
 51021.660000
 50914.840000
 50812.620000
 50724.280000
 50653.600000
 50595.500000
 50555.880000
 50526.840000
 50523.720000
 50528.900000
 50547.440000
 50580.000000
 50620.200000
 50674.580000
 50736.180000
 50800.600000
 50879.780000
 50964.780000
 51043.240000
 51139.680000
 51237.780000
 51324.220000
 51410.980000
 51498.600000
 51576.200000
 51648.120000
 51701.900000
 51743.660000
 51773.560000
 51784.920000
 51782.580000
 51766.500000
 51737.880000
 51695.200000
 51642.240000
 51574.860000
 51498.460000
 51412.640000
 51315.120000
 51216.380000
 51111.380000
 51003.480000
 50901.920000
 50801.240000
 50713.020000
 50642.060000
 50584.900000
 50534.700000
 50488.200000
 50449.760000
 50448.780000
 50440.480000
 50466.680000
 50503.200000
 50575.780000
 50663.740000
 50775.220000
 50893.040000
 51032.320000
 51138.700000
 51263.020000
 51346.020000
 51469.580000
 51547.940000
 51633.240000
 51699.560000
 51777.040000
 51827.380000
 51896.360000
 51952.380000
 51998.220000
 52050.020000
 52093.020000
 52133.100000
 52184.480000
 52231.940000
 52277.840000
 52333.140000
 52382.580000
 52428.640000
 52477.340000
 52527.860000
 52573.280000
 52620.020000
 52664.680000
 52704.740000
 52736.880000
 52762.580000
 52784.760000
 52803.980000
 52818.720000
 52827.060000
 52830.660000
 52831.860000
 52828.780000
 52822.580000
 52813.000000
 52801.220000
 52785.040000
 52765.220000
 52741.040000
 52710.720000
 52675.360000
 52634.780000
 52588.120000
 52532.140000
 52470.260000
 52400.500000
 52322.520000
 52234.260000
 52143.320000
 52036.880000
 51930.440000
 51810.060000
 51687.800000
 51557.800000
 51422.980000
 51288.780000
 51147.880000
 51016.520000
 50885.160000
 50767.720000
 50655.760000
 50557.140000
 50480.640000
 50420.400000
 50391.700000
 50372.060000
 50381.440000
 50424.480000
 50478.920000
 50555.940000
 50642.780000
 50754.060000
 50872.700000
 50975.920000
 51092.400000
 51196.620000
 51274.320000
 51339.940000
 51385.620000
 51407.820000
 51401.220000
 51367.400000
 51303.060000
 51214.780000
 51106.520000
 50978.900000
 50823.140000
 50654.560000
 50477.820000
 50298.080000
 50123.240000
 49963.080000
 49829.100000
 49730.560000
 49675.220000
 49670.780000
 49704.940000
 49773.900000
 49871.320000
 49990.400000
 50123.220000
 50260.220000
 50397.700000
 50526.880000
 50647.300000
 50757.120000
 50850.560000
 50932.960000
 50993.160000
 51044.920000
 51070.940000
 51088.460000
 51086.820000
 51078.440000
 51052.580000
 51019.360000
 50968.400000
 50910.620000
 50846.520000
 50772.100000
 50696.700000
 50611.100000
 50519.520000
 50431.400000
 50348.140000
 50277.160000
 50220.840000
 50178.280000
 50157.300000
 50147.060000
 50144.900000
 50151.080000
 50165.720000
 50181.000000
 50193.800000
 50206.960000
 50222.460000
 50238.360000
 50252.020000
 50273.420000
 50300.520000
 50333.800000
 50370.140000
 50410.440000
 50473.940000
 50542.640000
 50618.020000
 50710.220000
 50794.640000
 50885.700000
 50966.100000
 51044.080000
 51094.320000
 51132.180000
 51115.700000
 51067.400000
 50953.940000
 50801.440000
 50561.820000
 50274.800000
 49955.500000
 49661.640000
 49450.840000
 49287.800000
 49175.100000
 49127.200000
 49009.640000
 48667.680000
 48165.280000
 47386.400000
 46500.900000
 45700.980000
 45276.600000
 45454.700000
 45697.480000
 46137.540000
 46483.160000
 46800.660000
 47079.580000
 47330.360000
 47550.660000
 47743.280000
 47904.500000
 48048.520000
 48175.160000
 48282.200000
 48369.000000
 48445.720000
 48510.100000
 48560.760000
 48606.160000
 48646.200000
 48689.500000
 48729.640000
 48763.840000
 48802.480000
 48843.220000
 48879.140000
 48902.900000
 48921.860000
 48934.220000
 48931.740000
 48924.840000
 48907.960000
 48867.600000
 48813.840000
 48755.460000
 48682.960000
 48610.740000
 48537.820000
 48453.200000
 48397.020000
 48339.800000
 48288.000000
 48266.000000
 48259.600000
 48261.200000
 48279.420000
 48313.800000
 48343.600000
 48388.500000
 48444.320000
 48494.600000
 48547.520000
 48606.400000
 48658.200000
 48707.740000
 48743.220000
 48769.960000
 48802.980000
 48832.620000
 48852.400000
 48863.500000
 48866.800000
 48862.840000
 48853.820000
 48840.600000
 48833.080000
 48831.260000
 48824.440000
 48814.300000
 48810.200000
 48818.460000
 48821.880000
 48823.780000
 48845.800000
 48865.520000
 48899.720000
 48946.060000
 48984.840000
 49033.600000
 49075.640000
 49136.180000
 49192.020000
 49237.840000
 49270.080000
 49305.960000
 49329.360000
 49330.440000
 49311.900000
 49291.300000
 49250.880000
 49194.100000
 49134.440000
 49062.960000
 48991.240000
 48922.400000
 48854.540000
 48790.440000
 48739.000000
 48706.840000
 48701.400000
 48728.000000
 48778.500000
 48855.240000
 48956.260000
 49077.720000
 49219.420000
 49370.340000
 49528.500000
 49675.500000
 49820.300000
 49956.200000
 50075.460000
 50185.180000
 50261.980000
 50343.300000
 50372.120000
 50401.200000
 50404.020000
 50367.700000
 50310.560000
 50234.820000
 50127.200000
 49991.440000
 49827.920000
 49639.900000
 49423.720000
 49197.880000
 48980.880000
 48773.600000
 48559.700000
 48372.640000
 48228.960000
 48162.040000
 48103.980000
 48110.760000
 48134.240000
 48161.200000
 48208.340000
 48250.320000
 48297.440000
 48325.480000
 48379.000000
 48425.660000
 48462.780000
 48514.220000
 48570.800000
 48624.660000
 48676.200000
 48748.200000
 48833.400000
 48921.080000
 49029.260000
 49154.260000
 49271.780000
 49414.280000
 49538.440000
 49676.740000
 49794.980000
 49918.180000
 50011.480000
 50114.160000
 50183.620000
 50264.280000
 50339.520000
 50388.540000
 50443.360000
 50478.600000
 50525.880000
 50559.140000
 50570.960000
 50621.360000
 50635.420000
 50669.720000
 50708.340000
 50721.440000
 50780.100000
 50790.200000
 50858.980000
 50881.520000
 50945.380000
 50974.200000
 51039.620000
 51078.640000
 51127.760000
 51185.440000
 51216.480000
 51277.320000
 51335.980000
 51367.540000
 51413.580000
 51469.440000
 51508.840000
 51532.180000
 51578.420000
 51627.280000
 51665.240000
 51695.600000
 51724.380000
 51763.040000
 51806.260000
 51848.840000
 51890.000000
 51929.280000
 51967.520000
 52009.280000
 52057.180000
 52104.360000
 52150.780000
 52196.360000
 52241.860000
 52285.220000
 52325.160000
 52361.500000
 52395.980000
 52424.060000
 52445.640000
 52465.280000
 52477.580000
 52480.840000
 52491.660000
 52496.200000
 52491.080000
 52485.720000
 52471.280000
 52452.520000
 52444.980000
 52426.960000
 52412.780000
 52392.620000
 52383.280000
 52376.480000
 52362.100000
 52356.760000
 52348.360000
 52351.240000
 52335.420000
 52346.300000
 52350.180000
 52373.100000
 52390.720000
 52415.220000
 52435.640000
 52463.600000
 52487.560000
 52522.680000
 52579.420000
 52626.180000
 52692.700000
 52746.860000
 52805.840000
 52875.080000
 52940.600000
 53027.500000
 53099.980000
 53155.780000
 53231.740000
 53276.300000
 53328.360000
 53382.860000
 53405.900000
 53434.560000
 53448.320000
 53433.500000
 53420.740000
 53395.640000
 53347.560000
 53298.840000
 53255.700000
 53195.840000
 53134.440000
 53076.360000
 53014.860000
 52949.920000
 52892.560000
 52825.140000
 52767.280000
 52717.740000
 52657.160000
 52600.560000
 52539.240000
 52480.300000
 52424.660000
 52360.080000
 52307.820000
 52245.780000
 52193.860000
 52132.620000
 52075.100000
 52008.720000
 51948.860000
 51883.400000
 51821.500000
 51756.400000
 51693.500000
 51637.280000
 51583.080000
 51531.460000
 51485.300000
 51451.840000
 51419.400000
 51387.900000
 51365.800000
 51341.440000
 51316.680000
 51300.200000
 51278.920000
 51266.780000
 51260.520000
 51249.720000
 51263.420000
 51269.900000
 51289.220000
 51315.940000
 51334.640000
 51375.180000
 51402.200000
 51426.500000
 51445.480000
 51447.180000
 51439.980000
 51415.100000
 51371.220000
 51310.060000
 51224.720000
 51116.920000
 50983.480000
 50831.900000
 50670.460000
 50472.900000
 50293.460000
 50129.400000
 49954.380000
 49824.600000
 49727.500000
 49665.040000
 49639.760000
 49635.480000
 49665.440000
 49697.840000
 49741.400000
 49782.360000
 49823.460000
 49831.500000
 49853.300000
 49844.520000
 49831.720000
 49821.760000
 49791.060000
 49769.680000
 49733.780000
 49699.740000
 49655.880000
 49614.000000
 49578.580000
 49530.820000
 49500.180000
 49475.680000
 49456.780000
 49459.720000
 49470.460000
 49513.580000
 49560.980000
 49638.580000
 49717.700000
 49814.100000
 49916.600000
 50036.080000
 50139.600000
 50241.040000
 50349.340000
 50443.600000
 50524.240000
 50596.700000
 50656.880000
 50707.420000
 50755.140000
 50797.920000
 50847.740000
 50906.080000
 50984.760000
 51071.760000
 51180.040000
 51294.280000
 51417.640000
 51543.140000
 51667.140000
 51785.520000
 51894.760000
 51995.620000
 52085.100000
 52164.280000
 52236.920000
 52301.360000
 52356.700000
 52406.440000
 52462.660000
 52521.660000
 52584.400000
 52650.580000
 52728.540000
 52821.900000
 52915.740000
 53002.040000
 53098.540000
 53181.600000
 53256.680000
 53327.960000
 53362.360000
 53390.900000
 53392.840000
 53385.040000
 53351.140000
 53310.020000
 53250.120000
 53176.940000
 53102.340000
 53010.160000
 52908.380000
 52807.220000
 52681.560000
 52569.040000
 52436.160000
 52303.140000
 52166.500000
 52018.880000
 51882.420000
 51730.100000
 51597.460000
 51455.700000
 51323.660000
 51206.300000
 51099.640000
 50997.620000
 50929.520000
 50861.020000
 50817.140000
 50790.800000
 50790.900000
 50801.600000
 50825.700000
 50870.200000
 50937.300000
 51006.420000
 51090.040000
 51168.940000
 51265.760000
 51359.700000
 51449.260000
 51534.120000
 51607.340000
 51680.020000
 51737.660000
 51782.720000
 51816.900000
 51840.500000
 51855.200000
 51861.940000
 51858.900000
 51852.700000
 51845.320000
 51831.940000
 51816.780000
 51795.820000
 51764.440000
 51731.300000
 51691.800000
 51637.300000
 51587.640000
 51535.680000
 51486.560000
 51452.700000
 51427.460000
 51425.700000
 51439.680000
 51474.940000
 51525.980000
 51589.960000
 51665.880000
 51747.060000
 51824.160000
 51898.400000
 51967.940000
 52024.020000
 52062.020000
 52079.400000
 52076.060000
 52054.280000
 52008.100000
 51935.940000
 51837.560000
 51736.280000
 51609.780000
 51454.240000
 51318.240000
 51189.660000
 51039.600000
 50920.680000
 50836.560000
 50758.060000
 50694.580000
 50673.120000
 50696.220000
 50741.220000
 50806.940000
 50905.840000
 51007.100000
 51098.880000
 51174.040000
 51234.360000
 51252.220000
 51238.500000
 51186.060000
 51106.780000
 51002.080000
 50883.000000
 50723.600000
 50543.340000
 50256.400000
 49912.560000
 49436.320000
 48825.380000
 48010.980000
 47067.040000
 45766.060000
 44315.880000
 42482.500000
 40364.400000
 38157.100000
 36016.700000
 34362.800000
 34111.200000
 34379.200000
 35028.500000
 35839.400000
 36820.800000
 37619.600000
 38218.100000
 38928.300000
 39496.500000
 40013.400000
 40541.200000
 41038.200000
 41589.400000
 42147.400000
 42688.020000
 43227.100000
 43717.360000
 44148.040000
 44516.160000
 44821.760000
 45083.400000
 45289.040000
 45440.760000
 45546.800000
 45623.000000
 45673.060000
 45674.640000
 45637.480000
 45596.540000
 45531.360000
 45425.240000
 45329.220000
 45241.800000
 45131.400000
 45041.140000
 44947.300000
 44850.100000
 44742.980000
 44630.300000
 44497.120000
 44350.300000
 44173.100000
 43941.740000
 43710.800000
 43447.700000
 43175.500000
 42949.000000
 42804.400000
 42756.400000
 42824.440000
 43002.420000
 43260.880000
 43556.800000
 43859.600000
 44158.100000
 44426.040000
 44686.520000
 44973.300000
 45231.500000
 45523.080000
 45783.820000
 46064.240000
 46301.720000
 46541.340000
 46756.080000
 46987.560000
 47211.300000
 47450.900000
 47726.860000
 48021.820000
 48319.540000
 48618.540000
 48911.880000
 49190.780000
 49452.480000
 49693.820000
 49913.020000
 50107.900000
 50276.080000
 50413.920000
 50516.760000
 50580.780000
 50598.800000
 50565.920000
 50481.900000
 50347.280000
 50154.900000
 49904.700000
 49609.000000
 49294.020000
 49017.120000
 48774.180000
 48577.300000
 48388.700000
 48182.640000
 47953.440000
 47709.240000
 47416.460000
 47084.820000
 46728.220000
 46416.380000
 46119.020000
 45994.300000
 45800.820000
 45726.320000
 45718.400000
 45602.800000
 45460.440000
 45432.220000
 45276.880000
 45204.220000
 45112.020000
 44975.500000
 44821.740000
 44669.800000
 44523.540000
 44404.300000
 44302.800000
 44209.720000
 44110.320000
 43990.200000
 43844.240000
 43729.940000
 43703.280000
 43660.940000
 43607.260000
 43573.340000
 43552.640000
 43531.180000
 43511.620000
 43523.020000
 43573.400000
 43628.800000
 43688.240000
 43750.340000
 43881.380000
 44027.460000
 44174.300000
 44324.400000
 44480.920000
 44645.640000
 44820.760000
 45007.220000
 45217.240000
 45428.200000
 45637.120000
 45841.300000
 46036.740000
 46246.240000
 46480.520000
 46690.620000
 46872.280000
 47021.200000
 47156.300000
 47327.700000
 47449.920000
 47522.100000
 47570.260000
 47631.580000
 47640.100000
 47622.500000
 47581.420000
 47499.840000
 47460.800000
 47350.300000
 47258.400000
 47121.620000
 47009.000000
 46873.300000
 46774.980000
 46673.240000
 46613.600000
 46567.280000
 46540.860000
 46553.720000
 46532.080000
 46606.900000
 46639.280000
 46716.940000
 46809.540000
 46851.720000
 46931.120000
 47026.380000
 47082.500000
 47113.520000
 47232.420000
 47350.100000
 47449.900000
 47543.640000
 47677.400000
 47780.280000
 47852.960000
 47939.720000
 48047.640000
 48166.960000
 48266.280000
 48375.700000
 48478.620000
 48563.020000
 48634.540000
 48747.600000
 48862.300000
 48950.960000
 49053.780000
 49156.680000
 49239.440000
 49340.840000
 49466.240000
 49569.320000
 49677.400000
 49790.480000
 49885.240000
 49989.880000
 50118.460000
 50226.700000
 50345.880000
 50456.000000
 50547.880000
 50660.500000
 50763.780000
 50873.620000
 50984.240000
 51074.800000
 51182.280000
 51270.980000
 51363.940000
 51450.540000
 51533.880000
 51619.980000
 51698.940000
 51781.380000
 51845.800000
 51913.040000
 51959.440000
 52004.340000
 52035.100000
 52060.800000
 52073.040000
 52071.000000
 52064.220000
 52038.040000
 52021.000000
 51992.540000
 51975.180000
 51932.760000
 51911.780000
 51873.680000
 51847.240000
 51812.280000
 51785.000000
 51748.260000
 51716.820000
 51688.820000
 51659.920000
 51637.360000
 51624.900000
 51618.780000
 51612.340000
 51629.420000
 51652.300000
 51686.160000
 51727.800000
 51773.320000
 51832.220000
 51888.720000
 51944.640000
 52000.860000
 52050.400000
 52093.160000
 52129.460000
 52155.540000
 52170.960000
 52178.260000
 52173.940000
 52158.340000
 52133.340000
 52100.720000
 52059.500000
 52011.440000
 51961.340000
 51908.840000
 51853.520000
 51797.300000
 51745.460000
 51689.880000
 51632.160000
 51572.840000
 51512.140000
 51448.480000
 51383.000000
 51317.840000
 51253.580000
 51190.140000
 51131.600000
 51079.920000
 51036.880000
 51001.280000
 50976.160000
 50963.420000
 50970.320000
 50988.100000
 51019.040000
 51062.600000
 51125.560000
 51202.020000
 51280.720000
 51360.800000
 51461.720000
 51558.560000
 51647.500000
 51741.040000
 51837.260000
 51919.340000
 51988.840000
 52067.080000
 52140.240000
 52199.960000
 52248.100000
 52297.320000
 52343.140000
 52383.680000
 52414.660000
 52436.480000
 52448.640000
 52446.100000
 52422.000000
 52360.840000
 52262.980000
 52106.560000
 51877.620000
 51562.460000
 51145.240000
 50653.880000
 50116.320000
 49550.280000
 49039.820000
 48673.580000
 48344.180000
 48163.240000
 47993.860000
 47910.060000
 47869.340000
 47864.120000
 47941.700000
 48040.080000
 48188.840000
 48372.560000
 48611.900000
 48859.700000
 49111.160000
 49364.700000
 49623.820000
 49883.700000
 50136.500000
 50372.100000
 50587.000000
 50777.580000
 50940.180000
 51073.600000
 51176.880000
 51251.040000
 51297.700000
 51314.360000
 51304.820000
 51271.400000
 51219.400000
 51148.400000
 51059.080000
 50960.820000
 50849.000000
 50736.100000
 50614.240000
 50487.760000
 50366.240000
 50240.420000
 50133.160000
 50050.560000
 49966.640000
 49875.220000
 49808.760000
 49756.300000
 49709.600000
 49685.320000
 49660.520000
 49638.100000
 49660.820000
 49661.100000
 49669.800000
 49703.320000
 49732.000000
 49751.240000
 49781.480000
 49810.200000
 49844.940000
 49853.820000
 49866.240000
 49893.760000
 49898.600000
 49921.600000
 49935.500000
 49930.160000
 49951.280000
 49972.100000
 49984.500000
 50036.500000
 50097.180000
 50143.180000
 50218.760000
 50301.240000
 50363.340000
 50458.340000
 50551.160000
 50620.120000
 50713.300000
 50801.040000
 50869.900000
 50958.840000
 51047.140000
 51122.520000
 51208.060000
 51302.000000
 51397.540000
 51493.540000
 51606.900000
 51712.260000
 51807.760000
 51913.660000
 52029.520000
 52131.700000
 52222.780000
 52326.300000
 52419.860000
 52499.100000
 52585.080000
 52658.980000
 52722.960000
 52785.600000
 52835.280000
 52880.540000
 52916.440000
 52947.660000
 52973.160000
 52994.360000
 53013.320000
 53028.040000
 53041.300000
 53053.420000
 53063.160000
 53073.740000
 53082.180000
 53084.640000
 53083.800000
 53079.460000
 53059.640000
 53035.440000
 53006.460000
 52965.620000
 52925.400000
 52887.880000
 52852.620000
 52824.040000
 52807.080000
 52802.100000
 52811.200000
 52831.600000
 52857.620000
 52892.860000
 52937.900000
 52987.380000
 53032.460000
 53080.500000
 53131.400000
 53173.560000
 53215.100000
 53256.420000
 53288.480000
 53318.640000
 53344.060000
 53363.200000
 53379.680000
 53388.920000
 53394.340000
 53393.860000
 53386.840000
 53376.340000
 53358.600000
 53337.340000
 53312.140000
 53281.240000
 53249.200000
 53209.640000
 53167.860000
 53121.600000
 53069.620000
 53014.560000
 52950.240000
 52880.760000
 52805.460000
 52719.760000
 52629.780000
 52529.800000
 52418.920000
 52297.920000
 52163.020000
 52018.660000
 51857.060000
 51684.240000
 51498.640000
 51307.220000
 51113.100000
 50918.200000
 50738.060000
 50568.000000
 50435.160000
 50318.620000
 50241.120000
 50203.900000
 50201.180000
 50240.380000
 50314.520000
 50407.160000
 50522.840000
 50649.280000
 50781.100000
 50906.240000
 51026.800000
 51130.540000
 51233.000000
 51309.960000
 51382.240000
 51419.760000
 51448.920000
 51475.120000
 51463.420000
 51454.060000
 51417.460000
 51392.560000
 51335.240000
 51268.540000
 51204.780000
 51130.360000
 51058.080000
 50988.820000
 50924.660000
 50862.900000
 50807.120000
 50768.700000
 50742.780000
 50732.420000
 50743.300000
 50759.600000
 50795.520000
 50840.840000
 50896.780000
 50955.120000
 51013.760000
 51067.680000
 51118.400000
 51162.780000
 51200.380000
 51230.700000
 51253.480000
 51271.180000
 51282.980000
 51288.800000
 51289.860000
 51283.560000
 51276.600000
 51262.280000
 51248.140000
 51229.700000
 51210.520000
 51192.800000
 51174.740000
 51163.000000
 51154.340000
 51153.700000
 51162.740000
 51181.980000
 51212.520000
 51259.980000
 51318.120000
 51396.480000
 51494.000000
 51605.180000
 51735.920000
 51889.160000
 52049.640000
 52214.280000
 52380.200000
 52546.940000
 52707.840000
 52860.020000
 53004.040000
 53132.660000
 53247.500000
 53350.240000
 53425.520000
 53481.100000
 53516.080000
 53521.500000
 53495.160000
 53443.500000
 53346.060000
 53228.360000
 53071.760000
 52893.080000
 52682.140000
 52440.940000
 52197.640000
 51938.380000
 51660.560000
 51415.740000
 51170.380000
 50982.360000
 50811.620000
 50628.100000
 50494.640000
 50383.280000
 50273.400000
 50162.420000
 50061.980000
 49965.880000
 49910.060000
 49864.080000
 49787.620000
 49714.960000
 49726.420000
 49738.640000
 49740.480000
 49739.200000
 49776.720000
 49854.360000
 49950.180000
 50038.620000
 50135.820000
 50288.800000
 50471.460000
 50642.760000
 50818.100000
 51057.180000
 51289.880000
 51505.420000
 51766.120000
 52002.760000
 52250.960000
 52479.760000
 52711.980000
 52941.200000
 53142.160000
 53338.760000
 53540.760000
 53698.860000
 53885.920000
 54030.400000
 54189.740000
 54345.160000
 54474.000000
 54588.620000
 54701.640000
 54803.440000
 54875.020000
 54928.640000
 54981.220000
 54995.160000
 54983.880000
 54952.700000
 54890.680000
 54800.040000
 54695.540000
 54574.540000
 54434.600000
 54280.580000
 54122.440000
 53964.840000
 53808.100000
 53655.360000
 53509.360000
 53373.620000
 53253.200000
 53142.140000
 53053.080000
 52973.840000
 52902.360000
 52836.100000
 52772.580000
 52716.600000
 52688.660000
 52664.020000
 52637.920000
 52607.980000
 52592.300000
 52593.260000
 52586.880000
 52572.380000
 52576.900000
 52589.000000
 52590.920000
 52591.660000
 52613.100000
 52623.680000
 52627.000000
 52651.580000
 52664.520000
 52671.240000
 52697.680000
 52712.840000
 52725.180000
 52747.420000
 52763.160000
 52775.000000
 52795.040000
 52807.340000
 52815.280000
 52830.460000
 52832.940000
 52839.080000
 52844.240000
 52843.340000
 52848.280000
 52852.720000
 52847.840000
 52853.760000
 52850.620000
 52843.880000
 52838.320000
 52826.580000
 52807.200000
 52791.880000
 52763.820000
 52737.000000
 52699.360000
 52657.400000
 52614.720000
 52567.180000
 52519.320000
 52473.060000
 52426.740000
 52387.620000
 52355.960000
 52325.740000
 52308.220000
 52294.260000
 52288.640000
 52290.100000
 52293.320000
 52305.300000
 52319.180000
 52332.580000
 52351.020000
 52366.540000
 52376.200000
 52390.960000
 52402.080000
 52399.160000
 52400.760000
 52397.960000
 52382.260000
 52367.060000
 52349.040000
 52317.820000
 52284.500000
 52252.100000
 52212.180000
 52166.240000
 52118.960000
 52071.620000
 52026.160000
 51982.380000
 51936.000000
 51885.360000
 51833.520000
 51780.960000
 51726.180000
 51667.540000
 51604.320000
 51537.260000
 51454.360000
 51367.580000
 51284.460000
 51211.960000
 51127.680000
 51058.640000
 51003.440000
 50949.900000
 50913.920000
 50882.980000
 50861.300000
 50841.420000
 50821.480000
 50805.220000
 50799.120000
 50796.600000
 50792.700000
 50786.800000
 50774.000000
 50746.400000
 50703.500000
 50635.880000
 50537.780000
 50401.100000
 50240.980000
 50064.420000
 49878.560000
 49716.120000
 49569.840000
 49457.520000
 49385.600000
 49374.380000
 49356.360000
 49380.200000
 49424.600000
 49478.840000
 49526.000000
 49617.840000
 49697.800000
 49816.500000
 49910.880000
 50045.140000
 50176.400000
 50297.020000
 50415.100000
 50535.800000
 50649.560000
 50747.920000
 50832.380000
 50904.300000
 50960.960000
 51000.980000
 51026.860000
 51036.560000
 51032.600000
 51014.380000
 50981.780000
 50934.780000
 50874.740000
 50804.400000
 50724.640000
 50638.560000
 50549.120000
 50459.200000
 50372.720000
 50289.700000
 50214.900000
 50150.180000
 50095.300000
 50052.620000
 50023.740000
 50003.500000
 49997.880000
 50001.720000
 50011.760000
 50026.500000
 50047.560000
 50075.560000
 50107.180000
 50136.580000
 50171.560000
 50206.020000
 50236.380000
 50268.300000
 50305.640000
 50344.520000
 50381.740000
 50424.160000
 50468.360000
 50514.340000
 50565.040000
 50622.380000
 50681.680000
 50743.440000
 50811.300000
 50877.620000
 50943.840000
 51010.380000
 51073.440000
 51133.880000
 51189.120000
 51241.700000
 51285.580000
 51325.420000
 51362.620000
 51386.040000
 51410.420000
 51431.380000
 51453.100000
 51463.700000
 51473.220000
 51483.120000
 51483.940000
 51475.500000
 51454.380000
 51412.080000
 51354.460000
 51282.900000
 51192.880000
 51094.980000
 50984.920000
 50860.800000
 50733.820000
 50602.940000
 50462.440000
 50325.800000
 50193.160000
 50063.180000
 49942.200000
 49833.300000
 49728.900000
 49632.280000
 49550.840000
 49486.920000
 49446.640000
 49423.300000
 49418.300000
 49429.520000
 49445.840000
 49473.900000
 49511.120000
 49536.160000
 49556.660000
 49567.780000
 49556.640000
 49550.540000
 49495.620000
 49423.340000
 49327.940000
 49190.900000
 49044.400000
 48859.600000
 48691.020000
 48494.600000
 48298.500000
 48133.360000
 47926.500000
 47800.240000
 47618.120000
 47463.200000
 47317.600000
 47134.280000
 46964.520000
 46824.300000
 46709.600000
 46593.420000
 46529.240000
 46507.320000
 46517.240000
 46600.920000
 46719.740000
 46896.100000
 47114.640000
 47365.600000
 47646.600000
 47943.180000
 48251.880000
 48565.560000
 48881.880000
 49190.040000
 49492.100000
 49791.080000
 50071.020000
 50341.920000
 50595.700000
 50826.820000
 51045.980000
 51233.680000
 51400.880000
 51540.320000
 51641.160000
 51718.800000
 51762.100000
 51773.940000
 51766.600000
 51746.260000
 51697.320000
 51633.040000
 51569.100000
 51497.620000
 51416.020000
 51320.040000
 51199.920000
 51055.180000
 50877.480000
 50690.200000
 50461.240000
 50253.460000
 50030.700000
 49856.440000
 49729.780000
 49636.080000
 49601.960000
 49618.680000
 49667.380000
 49744.980000
 49843.080000
 49942.340000
 50044.560000
 50140.900000
 50236.200000
 50326.480000
 50397.620000
 50458.520000
 50518.600000
 50568.460000
 50609.100000
 50657.300000
 50683.100000
 50718.500000
 50748.180000
 50775.360000
 50796.940000
 50823.000000
 50847.180000
 50867.120000
 50882.020000
 50907.600000
 50929.160000
 50946.700000
 50968.500000
 50994.640000
 51031.220000
 51059.400000
 51092.740000
 51136.160000
 51187.700000
 51242.920000
 51304.660000
 51375.940000
 51457.060000
 51546.660000
 51642.720000
 51747.260000
 51859.500000
 51976.940000
 52096.560000
 52221.040000
 52346.980000
 52471.920000
 52593.860000
 52714.740000
 52832.280000
 52944.900000
 53050.360000
 53150.700000
 53245.140000
 53331.840000
 53409.080000
 53477.940000
 53536.800000
 53581.260000
 53611.000000
 53623.040000
 53610.340000
 53580.740000
 53526.900000
 53451.100000
 53343.420000
 53219.960000
 53076.400000
 52917.060000
 52749.220000
 52575.920000
 52408.540000
 52253.260000
 52116.320000
 51999.220000
 51904.440000
 51835.680000
 51797.920000
 51779.920000
 51776.900000
 51802.020000
 51847.620000
 51888.060000
 51939.580000
 52009.780000
 52061.300000
 52115.640000
 52171.280000
 52196.640000
 52223.420000
 52225.980000
 52205.580000
 52176.380000
 52112.160000
 52037.660000
 51952.480000
 51838.320000
 51722.880000
 51609.720000
 51497.920000
 51400.400000
 51324.760000
 51275.220000
 51252.000000
 51255.460000
 51289.880000
 51355.980000
 51447.300000
 51563.200000
 51698.100000
 51840.960000
 51989.020000
 52141.760000
 52291.800000
 52439.700000
 52581.660000
 52712.580000
 52836.360000
 52951.440000
 53056.560000
 53158.960000
 53246.060000
 53331.000000
 53407.920000
 53479.440000
 53549.100000
 53608.960000
 53668.580000
 53715.440000
 53767.520000
 53805.060000
 53848.000000
 53877.900000
 53910.240000
 53926.760000
 53946.940000
 53949.000000
 53949.440000
 53932.060000
 53901.640000
 53869.540000
 53811.760000
 53748.260000
 53673.240000
 53581.300000
 53483.100000
 53374.760000
 53259.140000
 53143.300000
 53029.640000
 52918.340000
 52822.040000
 52745.900000
 52680.460000
 52623.320000
 52583.200000
 52568.260000
 52551.960000
 52540.540000
 52552.620000
 52553.780000
 52564.760000
 52572.860000
 52586.420000
 52594.800000
 52612.780000
 52622.600000
 52634.100000
 52650.120000
 52661.260000
 52671.100000
 52682.540000
 52690.880000
 52694.300000
 52695.660000
 52694.840000
 52686.740000
 52673.940000
 52659.020000
 52638.480000
 52612.000000
 52580.720000
 52547.720000
 52509.860000
 52463.360000
 52421.620000
 52364.760000
 52313.900000
 52257.280000
 52195.340000
 52133.640000
 52071.780000
 52003.700000
 51944.720000
 51879.160000
 51825.620000
 51771.220000
 51733.140000
 51701.420000
 51688.500000
 51683.500000
 51697.780000
 51719.800000
 51752.040000
 51787.960000
 51829.380000
 51871.520000
 51912.360000
 51953.020000
 51991.220000
 52027.960000
 52063.620000
 52093.560000
 52125.720000
 52152.180000
 52180.700000
 52207.200000
 52231.960000
 52255.420000
 52276.960000
 52300.320000
 52315.380000
 52333.720000
 52346.000000
 52356.500000
 52361.660000
 52369.440000
 52368.440000
 52368.920000
 52365.680000
 52363.260000
 52352.340000
 52346.040000
 52339.420000
 52331.140000
 52324.220000
 52322.120000
 52319.400000
 52317.080000
 52316.340000
 52320.460000
 52323.000000
 52327.940000
 52335.700000
 52344.980000
 52351.300000
 52358.680000
 52365.460000
 52370.300000
 52372.380000
 52371.260000
 52369.840000
 52362.660000
 52351.600000
 52338.080000
 52316.200000
 52290.940000
 52259.820000
 52220.400000
 52178.780000
 52130.580000
 52074.960000
 52016.800000
 51950.700000
 51879.060000
 51803.940000
 51721.160000
 51639.180000
 51549.580000
 51459.880000
 51364.560000
 51270.020000
 51171.180000
 51074.360000
 50975.000000
 50880.820000
 50786.480000
 50697.980000
 50612.160000
 50531.220000
 50459.720000
 50391.300000
 50336.780000
 50290.020000
 50254.120000
 50229.960000
 50217.020000
 50219.060000
 50230.500000
 50257.180000
 50297.160000
 50342.560000
 50407.800000
 50472.600000
 50555.000000
 50636.920000
 50729.820000
 50822.960000
 50915.960000
 51012.020000
 51102.300000
 51189.600000
 51269.840000
 51339.480000
 51400.580000
 51450.940000
 51488.740000
 51515.400000
 51528.000000
 51531.700000
 51528.420000
 51511.560000
 51485.680000
 51453.200000
 51416.340000
 51376.000000
 51331.180000
 51282.200000
 51227.200000
 51170.940000
 51109.420000
 51046.660000
 50971.140000
 50906.960000
 50839.600000
 50772.500000
 50714.820000
 50668.200000
 50620.200000
 50599.080000
 50584.380000
 50585.220000
 50602.880000
 50621.380000
 50664.080000
 50702.740000
 50749.920000
 50805.440000
 50848.900000
 50889.600000
 50926.020000
 50956.640000
 50974.760000
 50982.160000
 50973.680000
 50950.180000
 50918.400000
 50867.800000
 50807.320000
 50745.100000
 50673.980000
 50602.520000
 50550.900000
 50494.700000
 50436.500000
 50409.660000
 50367.280000
 50331.920000
 50286.600000
 50257.500000
 50211.820000
 50167.620000
 50109.700000
 50070.120000
 50016.500000
 49966.260000
 49909.580000
 49857.520000
 49802.140000
 49753.920000
 49703.280000
 49663.960000
 49624.080000
 49595.680000
 49568.460000
 49553.860000
 49540.820000
 49540.480000
 49540.560000
 49554.700000
 49572.040000
 49596.240000
 49622.680000
 49651.920000
 49687.700000
 49720.960000
 49756.600000
 49793.100000
 49824.200000
 49856.820000
 49886.640000
 49914.800000
 49946.900000
 49980.960000
 50021.080000
 50069.500000
 50138.800000
 50218.380000
 50325.520000
 50457.180000
 50604.840000
 50776.160000
 50958.820000
 51156.620000
 51353.620000
 51547.000000
 51750.100000
 51926.220000
 52081.700000
 52219.400000
 52321.920000
 52405.360000
 52430.200000
 52442.640000
 52403.220000
 52341.380000
 52241.500000
 52120.200000
 51971.460000
 51814.900000
 51644.620000
 51474.400000
 51309.600000
 51149.600000
 51008.860000
 50883.700000
 50778.880000
 50691.160000
 50631.560000
 50581.600000
 50563.080000
 50556.800000
 50572.760000
 50607.440000
 50662.220000
 50735.180000
 50814.280000
 50903.380000
 51003.860000
 51099.160000
 51192.260000
 51280.080000
 51361.000000
 51437.060000
 51500.340000
 51560.580000
 51612.580000
 51655.760000
 51694.920000
 51730.420000
 51760.460000
 51786.980000
 51811.200000
 51833.880000
 51854.660000
 51877.560000
 51905.060000
 51931.400000
 51953.860000
 51975.380000
 52000.220000
 52016.640000
 52024.040000
 52019.200000
 51996.300000
 51960.880000
 51907.660000
 51834.220000
 51734.380000
 51615.960000
 51493.800000
 51358.020000
 51221.400000
 51107.360000
 51000.780000
 50921.580000
 50875.440000
 50847.080000
 50853.760000
 50879.820000
 50918.620000
 50972.220000
 51034.440000
 51099.720000
 51173.660000
 51240.860000
 51311.360000
 51377.640000
 51427.800000
 51474.580000
 51511.480000
 51540.380000
 51557.460000
 51554.260000
 51545.140000
 51536.400000
 51522.280000
 51485.220000
 51440.460000
 51410.160000
 51373.000000
 51305.240000
 51258.820000
 51162.280000
 51072.320000
 50939.080000
 50776.800000
 50594.900000
 50384.900000
 50188.220000
 50030.100000
 49898.380000
 49839.560000
 49823.420000
 49872.800000
 49906.760000
 49957.920000
 50005.420000
 50039.400000
 50084.500000
 50118.360000
 50158.980000
 50195.900000
 50233.300000
 50273.360000
 50322.400000
 50375.420000
 50432.900000
 50505.440000
 50588.040000
 50705.280000
 50849.900000
 51015.220000
 51201.080000
 51386.720000
 51595.280000
 51784.300000
 51977.220000
 52135.280000
 52291.080000
 52415.720000
 52517.060000
 52604.500000
 52666.000000
 52709.040000
 52736.740000
 52765.420000
 52789.520000
 52805.840000
 52823.380000
 52841.960000
 52863.540000
 52898.420000
 52945.780000
 53001.940000
 53073.140000
 53153.400000
 53240.080000
 53336.440000
 53437.200000
 53545.040000
 53652.040000
 53755.700000
 53855.080000
 53953.100000
 54042.820000
 54123.100000
 54195.100000
 54255.100000
 54306.740000
 54345.200000
 54375.800000
 54397.400000
 54414.840000
 54423.260000
 54426.160000
 54422.080000
 54416.080000
 54401.480000
 54376.660000
 54347.600000
 54305.820000
 54262.200000
 54194.940000
 54129.700000
 54053.300000
 53971.260000
 53893.020000
 53813.000000
 53752.100000
 53686.240000
 53654.820000
 53615.400000
 53611.900000
 53611.200000
 53623.080000
 53639.620000
 53663.340000
 53688.000000
 53716.400000
 53739.860000
 53759.020000
 53778.740000
 53792.800000
 53809.640000
 53818.300000
 53831.860000
 53840.620000
 53846.740000
 53852.360000
 53854.500000
 53856.100000
 53858.440000
 53858.240000
 53858.200000
 53859.100000
 53857.040000
 53856.060000
 53856.940000
 53853.520000
 53851.300000
 53849.660000
 53843.140000
 53839.140000
 53835.100000
 53828.400000
 53823.300000
 53816.280000
 53808.360000
 53801.600000
 53791.480000
 53782.300000
 53774.400000
 53762.960000
 53754.000000
 53743.740000
 53734.440000
 53726.300000
 53715.720000
 53706.900000
 53698.920000
 53689.880000
 53680.020000
 53669.300000
 53659.260000
 53647.000000
 53636.600000
 53625.600000
 53613.360000
 53601.860000
 53590.460000
 53578.020000
 53565.700000
 53553.300000
 53540.120000
 53529.840000
 53518.900000
 53507.760000
 53496.580000
 53484.680000
 53472.440000
 53461.060000
 53449.240000
 53438.060000
 53425.800000
 53414.040000
 53401.900000
 53389.900000
 53379.760000
 53369.740000
 53361.080000
 53355.300000
 53347.580000
 53343.960000
 53340.560000
 53339.200000
 53341.360000
 53342.140000
 53347.260000
 53351.160000
 53356.900000
 53362.940000
 53367.760000
 53373.400000
 53373.020000
 53372.960000
 53362.560000
 53349.620000
 53321.760000
 53286.160000
 53233.980000
 53166.180000
 53080.080000
 52967.000000
 52828.840000
 52659.720000
 52451.800000
 52209.320000
 51933.060000
 51626.500000
 51303.400000
 50971.680000
 50655.800000
 50368.120000
 50114.280000
 49878.180000
 49657.620000
 49450.160000
 49242.800000
 49043.960000
 48870.760000
 48719.440000
 48611.960000
 48565.800000
 48575.900000
 48642.300000
 48783.820000
 48988.800000
 49234.500000
 49532.240000
 49872.280000
 50230.400000
 50616.920000
 51020.460000
 51424.960000
 51839.740000
 52245.020000
 52647.780000
 53034.620000
 53411.160000
 53763.760000
 54104.380000
 54410.200000
 54698.100000
 54953.740000
 55177.080000
 55374.440000
 55532.600000
 55650.560000
 55731.800000
 55770.900000
 55740.060000
 55637.380000
 55460.840000
 55202.860000
 54861.340000
 54442.020000
 53973.400000
 53479.500000
 52992.620000
 52532.820000
 52103.700000
 51731.740000
 51443.000000
 51245.020000
 51137.380000
 51112.360000
 51142.540000
 51202.700000
 51273.940000
 51334.680000
 51375.780000
 51395.800000
 51375.180000
 51346.180000
 51326.880000
 51336.180000
 51378.740000
 51496.260000
 51680.600000
 51941.740000
 52252.720000
 52563.960000
 52853.760000
 53123.040000
 53311.260000
 53455.900000
 53504.340000
 53506.320000
 53465.900000
 53377.480000
 53272.460000
 53167.020000
 53060.820000
 52962.060000
 52861.560000
 52758.760000
 52638.320000
 52495.740000
 52326.120000
 52131.520000
 51914.360000
 51678.680000
 51434.920000
 51181.940000
 50940.920000
 50716.280000
 50507.520000
 50336.780000
 50158.240000
 49996.980000
 49869.340000
 49745.500000
 49623.720000
 49522.980000
 49418.020000
 49307.960000
 49210.600000
 49155.240000
 49057.060000
 49003.900000
 48886.000000
 48807.400000
 48703.400000
 48571.320000
 48482.300000
 48403.020000
 48311.740000
 48211.300000
 48165.020000
 48103.280000
 48067.500000
 48057.560000
 48040.800000
 47990.540000
 47991.080000
 47958.420000
 47942.300000
 47945.800000
 47918.800000
 47960.200000
 47961.200000
 48014.740000
 48052.920000
 48093.040000
 48167.820000
 48202.980000
 48298.300000
 48351.860000
 48420.760000
 48496.280000
 48551.900000
 48668.940000
 48720.580000
 48812.000000
 48845.900000
 48944.600000
 48981.480000
 49062.800000
 49080.940000
 49157.360000
 49201.400000
 49232.220000
 49293.520000
 49307.120000
 49365.920000
 49402.800000
 49448.680000
 49470.800000
 49539.560000
 49575.280000
 49612.580000
 49660.600000
 49742.800000
 49782.420000
 49830.760000
 49904.460000
 49961.820000
 50035.480000
 50094.300000
 50153.940000
 50223.000000
 50300.040000
 50388.420000
 50461.440000
 50552.800000
 50642.560000
 50725.500000
 50839.760000
 50944.540000
 51062.780000
 51186.460000
 51300.160000
 51429.000000
 51543.860000
 51661.500000
 51771.720000
 51871.420000
 51963.340000
 52044.720000
 52110.480000
 52169.000000
 52207.380000
 52243.280000
 52256.360000
 52270.640000
 52263.520000
 52263.220000
 52245.040000
 52234.120000
 52212.840000
 52198.780000
 52182.760000
 52167.360000
 52161.600000
 52150.120000
 52154.060000
 52154.720000
 52156.500000
 52169.500000
 52173.680000
 52185.260000
 52196.860000
 52198.780000
 52206.100000
 52207.860000
 52202.460000
 52191.940000
 52180.360000
 52158.980000
 52129.000000
 52097.820000
 52060.380000
 52017.260000
 51971.080000
 51922.260000
 51873.900000
 51826.640000
 51779.780000
 51736.160000
 51699.000000
 51668.220000
 51644.400000
 51628.680000
 51616.920000
 51613.400000
 51618.960000
 51628.500000
 51641.100000
 51666.500000
 51690.920000
 51721.280000
 51762.760000
 51798.880000
 51850.360000
 51892.460000
 51954.100000
 52011.040000
 52075.960000
 52154.860000
 52228.380000
 52314.400000
 52412.960000
 52504.960000
 52603.480000
 52708.200000
 52815.860000
 52919.740000
 53014.000000
 53099.760000
 53174.720000
 53235.200000
 53276.460000
 53297.640000
 53297.120000
 53273.300000
 53228.960000
 53170.220000
 53092.600000
 53007.840000
 52915.620000
 52821.820000
 52726.400000
 52641.420000
 52556.660000
 52488.560000
 52427.380000
 52380.500000
 52353.060000
 52331.580000
 52327.640000
 52340.060000
 52359.700000
 52398.240000
 52447.320000
 52500.200000
 52568.940000
 52641.860000
 52713.000000
 52796.640000
 52882.600000
 52960.720000
 53041.780000
 53123.900000
 53193.160000
 53257.600000
 53315.380000
 53360.400000
 53395.960000
 53416.300000
 53417.560000
 53404.700000
 53371.260000
 53321.360000
 53254.900000
 53172.380000
 53077.760000
 52965.220000
 52845.460000
 52716.740000
 52585.260000
 52453.700000
 52310.300000
 52170.080000
 52036.160000
 51902.140000
 51768.900000
 51659.980000
 51550.660000
 51444.460000
 51352.340000
 51266.120000
 51191.500000
 51121.180000
 51057.800000
 51016.780000
 50977.880000
 50964.520000
 50969.840000
 50988.660000
 51038.900000
 51089.000000
 51162.360000
 51251.840000
 51334.280000
 51433.400000
 51536.160000
 51630.160000
 51732.280000
 51823.320000
 51907.200000
 51986.540000
 52044.480000
 52082.980000
 52116.200000
 52134.100000
 52139.220000
 52146.600000
 52159.540000
 52176.600000
 52195.640000
 52231.620000
 52281.900000
 52340.080000
 52394.780000
 52462.320000
 52534.800000
 52605.520000
 52670.940000
 52728.720000
 52784.100000
 52819.860000
 52851.660000
 52876.940000
 52895.000000
 52904.460000
 52902.820000
 52893.120000
 52874.160000
 52835.420000
 52789.800000
 52738.960000
 52673.960000
 52605.220000
 52535.400000
 52459.880000
 52380.780000
 52303.040000
 52228.580000
 52152.860000
 52080.640000
 52014.920000
 51955.100000
 51898.400000
 51849.140000
 51809.920000
 51781.600000
 51760.720000
 51748.200000
 51748.460000
 51761.140000
 51785.540000
 51818.280000
 51860.040000
 51909.760000
 51967.100000
 52030.980000
 52100.700000
 52173.280000
 52249.100000
 52324.980000
 52402.400000
 52481.160000
 52558.100000
 52633.000000
 52705.060000
 52767.500000
 52825.800000
 52879.100000
 52919.680000
 52953.020000
 52974.400000
 52983.520000
 52986.880000
 52971.220000
 52946.880000
 52912.140000
 52863.960000
 52808.580000
 52742.440000
 52669.160000
 52589.940000
 52507.360000
 52420.240000
 52333.480000
 52248.600000
 52164.500000
 52088.880000
 52020.740000
 51963.480000
 51919.500000
 51886.840000
 51868.500000
 51866.420000
 51874.420000
 51900.740000
 51933.360000
 51977.480000
 52031.920000
 52089.240000
 52158.560000
 52222.700000
 52303.220000
 52365.880000
 52440.760000
 52511.740000
 52575.720000
 52635.280000
 52701.840000
 52749.020000
 52805.000000
 52861.820000
 52909.120000
 52958.220000
 53010.260000
 53067.160000
 53114.900000
 53172.420000
 53224.360000
 53286.160000
 53336.500000
 53391.600000
 53444.800000
 53504.000000
 53555.360000
 53609.720000
 53663.340000
 53714.600000
 53762.560000
 53808.100000
 53842.660000
 53873.760000
 53890.420000
 53901.480000
 53897.360000
 53884.260000
 53855.260000
 53816.520000
 53761.420000
 53696.300000
 53616.160000
 53526.400000
 53423.140000
 53311.360000
 53185.700000
 53051.700000
 52907.240000
 52754.280000
 52595.280000
 52431.060000
 52263.640000
 52093.000000
 51923.360000
 51756.740000
 51597.300000
 51446.900000
 51301.980000
 51168.920000
 51047.560000
 50936.100000
 50828.980000
 50731.140000
 50639.460000
 50553.080000
 50473.920000
 50396.080000
 50325.440000
 50261.120000
 50202.060000
 50151.500000
 50109.200000
 50073.840000
 50049.300000
 50034.840000
 50029.920000
 50033.340000
 50046.660000
 50069.240000
 50102.720000
 50142.060000
 50187.640000
 50241.740000
 50298.780000
 50362.200000
 50423.620000
 50493.520000
 50560.820000
 50629.280000
 50697.420000
 50768.940000
 50833.680000
 50902.300000
 50967.520000
 51032.720000
 51099.740000
 51162.060000
 51225.700000
 51287.900000
 51351.060000
 51411.300000
 51472.420000
 51529.500000
 51586.940000
 51638.320000
 51684.780000
 51726.520000
 51760.060000
 51788.360000
 51810.080000
 51823.300000
 51828.260000
 51832.080000
 51833.200000
 51831.860000
 51829.020000
 51826.240000
 51823.900000
 51821.060000
 51816.120000
 51808.240000
 51798.640000
 51787.180000
 51774.540000
 51761.940000
 51747.560000
 51738.420000
 51737.940000
 51745.520000
 51761.380000
 51788.340000
 51823.840000
 51866.760000
 51918.020000
 51969.400000
 52023.360000
 52075.440000
 52122.720000
 52165.720000
 52200.600000
 52229.820000
 52248.300000
 52262.220000
 52270.000000
 52278.300000
 52279.860000
 52276.620000
 52266.500000
 52250.700000
 52218.900000
 52171.000000
 52079.160000
 51952.900000
 51788.260000
 51575.620000
 51338.700000
 51091.860000
 50848.640000
 50685.660000
 50534.000000
 50453.540000
 50452.720000
 50455.180000
 50478.220000
 50511.140000
 50543.420000
 50562.780000
 50574.940000
 50577.560000
 50567.700000
 50543.480000
 50513.100000
 50476.300000
 50431.340000
 50380.220000
 50327.600000
 50276.780000
 50232.500000
 50189.500000
 50154.040000
 50124.500000
 50105.260000
 50095.840000
 50102.900000
 50123.720000
 50150.800000
 50190.120000
 50244.260000
 50314.440000
 50392.680000
 50474.780000
 50569.940000
 50675.780000
 50790.560000
 50897.780000
 51020.280000
 51141.500000
 51259.120000
 51372.760000
 51479.400000
 51595.340000
 51690.620000
 51787.520000
 51903.840000
 52022.380000
 52149.480000
 52289.460000
 52449.100000
 52574.060000
 52673.940000
 52734.660000
 52745.300000
 52726.060000
 52662.260000
 52583.340000
 52497.180000
 52420.080000
 52367.200000
 52316.600000
 52285.680000
 52274.600000
 52277.420000
 52264.800000
 52280.840000
 52264.280000
 52271.760000
 52247.480000
 52239.520000
 52216.460000
 52199.420000
 52186.280000
 52165.700000
 52152.180000
 52143.220000
 52123.480000
 52116.320000
 52113.740000
 52107.100000
 52100.440000
 52099.960000
 52101.740000
 52104.140000
 52107.620000
 52113.620000
 52118.260000
 52124.000000
 52129.400000
 52136.020000
 52140.960000
 52141.000000
 52136.780000
 52131.720000
 52125.460000
 52115.600000
 52102.000000
 52083.980000
 52064.100000
 52041.660000
 52023.280000
 52008.720000
 51996.800000
 51987.380000
 51984.640000
 51989.820000
 52007.700000
 52031.940000
 52061.020000
 52096.360000
 52140.780000
 52181.680000
 52221.400000
 52262.560000
 52295.360000
 52318.440000
 52333.200000
 52337.120000
 52332.820000
 52305.960000
 52290.380000
 52240.600000
 52208.020000
 52148.820000
 52118.220000
 52049.760000
 52015.220000
 51963.380000
 51916.820000
 51892.240000
 51839.060000
 51807.100000
 51788.940000
 51751.480000
 51713.680000
 51679.220000
 51645.640000
 51612.180000
 51576.560000
 51547.240000
 51527.120000
 51514.320000
 51507.080000
 51501.780000
 51494.640000
 51482.620000
 51463.060000
 51434.260000
 51394.440000
 51342.400000
 51281.200000
 51213.900000
 51143.500000
 51073.500000
 51008.760000
 50955.840000
 50921.820000
 50905.800000
 50914.420000
 50954.320000
 51018.500000
 51110.200000
 51228.600000
 51361.860000
 51514.560000
 51669.920000
 51833.280000
 51987.700000
 52138.220000
 52279.580000
 52411.620000
 52533.760000
 52649.580000
 52758.840000
 52860.780000
 52960.800000
 53059.540000
 53155.060000
 53248.340000
 53337.600000
 53418.760000
 53490.960000
 53550.600000
 53595.900000
 53631.640000
 53655.500000
 53674.060000
 53691.740000
 53716.660000
 53751.700000
 53806.640000
 53884.240000
 53987.500000
 54116.900000
 54264.200000
 54429.100000
 54610.400000
 54790.940000
 54973.600000
 55152.660000
 55323.160000
 55487.140000
 55638.600000
 55777.700000
 55911.500000
 56029.860000
 56138.760000
 56243.200000
 56329.840000
 56407.500000
 56477.840000
 56528.760000
 56562.880000
 56587.100000
 56592.300000
 56564.600000
 56512.400000
 56437.900000
 56325.580000
 56180.040000
 55996.900000
 55790.560000
 55549.020000
 55294.220000
 55025.000000
 54755.200000
 54514.800000
 54273.080000
 54052.040000
 53844.120000
 53630.140000
 53411.760000
 53182.440000
 52927.820000
 52648.000000
 52337.200000
 51988.920000
 51604.440000
 51181.600000
 50718.880000
 50219.480000
 49674.780000
 49066.220000
 48370.180000
 47605.120000
 46760.700000
 45885.160000
 45076.400000
 44517.840000
 44355.180000
 44581.220000
 45078.640000
 45573.700000
 45937.600000
 46071.720000
 46047.480000
 45898.320000
 45790.980000
 45607.960000
 45461.580000
 45310.360000
 45137.140000
 44978.960000
 44854.300000
 44795.880000
 44757.400000
 44756.460000
 44775.800000
 44773.440000
 44849.800000
 44840.020000
 44840.060000
 44848.360000
 44826.820000
 44758.960000
 44657.360000
 44589.900000
 44584.480000
 44615.840000
 44677.480000
 44767.200000
 44883.500000
 45066.060000
 45228.520000
 45368.100000
 45498.360000
 45638.320000
 45754.300000
 45857.880000
 45948.860000
 46042.760000
 46128.820000
 46188.640000
 46236.840000
 46268.460000
 46273.240000
 46264.960000
 46253.720000
 46240.680000
 46233.600000
 46234.980000
 46278.200000
 46339.500000
 46406.900000
 46476.500000
 46545.560000
 46614.360000
 46685.200000
 46758.500000
 46834.700000
 46914.100000
 46996.980000
 47084.380000
 47181.180000
 47296.840000
 47416.700000
 47537.920000
 47659.280000
 47779.780000
 47903.160000
 48028.320000
 48164.080000
 48298.440000
 48428.660000
 48554.820000
 48676.760000
 48800.160000
 48918.180000
 49034.000000
 49149.080000
 49262.120000
 49372.460000
 49478.200000
 49580.700000
 49682.680000
 49780.500000
 49874.580000
 49966.900000
 50057.020000
 50143.180000
 50228.020000
 50312.280000
 50395.560000
 50473.160000
 50549.560000
 50624.400000
 50697.220000
 50762.700000
 50823.000000
 50878.580000
 50926.820000
 50962.760000
 50988.300000
 51004.100000
 51010.240000
 51003.600000
 50986.000000
 50959.840000
 50926.000000
 50881.360000
 50827.680000
 50763.840000
 50691.620000
 50617.180000
 50532.300000
 50444.980000
 50376.120000
 50321.100000
 50284.460000
 50281.980000
 50301.580000
 50340.800000
 50401.660000
 50459.580000
 50520.700000
 50570.160000
 50608.020000
 50625.900000
 50628.400000
 50605.320000
 50571.300000
 50512.220000
 50436.760000
 50352.320000
 50249.040000
 50134.300000
 50017.900000
 49890.240000
 49757.060000
 49620.840000
 49490.420000
 49363.760000
 49241.700000
 49134.420000
 49042.200000
 48967.280000
 48909.760000
 48879.660000
 48871.440000
 48881.760000
 48909.480000
 48952.220000
 49015.600000
 49089.820000
 49167.920000
 49246.100000
 49321.320000
 49391.380000
 49459.220000
 49522.220000
 49577.040000
 49624.260000
 49665.340000
 49701.780000
 49734.980000
 49770.360000
 49804.580000
 49837.280000
 49869.900000
 49903.800000
 49943.100000
 49988.580000
 50036.080000
 50085.000000
 50136.040000
 50189.200000
 50243.820000
 50298.800000
 50352.780000
 50404.800000
 50452.520000
 50497.280000
 50538.920000
 50577.640000
 50613.300000
 50645.840000
 50675.900000
 50702.980000
 50728.780000
 50754.380000
 50782.800000
 50813.680000
 50844.700000
 50878.160000
 50914.440000
 50953.180000
 50990.200000
 51028.000000
 51067.420000
 51106.100000
 51142.000000
 51181.360000
 51221.080000
 51256.560000
 51290.860000
 51323.220000
 51353.040000
 51381.320000
 51408.160000
 51431.400000
 51453.540000
 51473.220000
 51491.300000
 51507.900000
 51521.120000
 51534.280000
 51543.540000
 51553.520000
 51559.200000
 51566.820000
 51570.500000
 51577.380000
 51580.380000
 51588.160000
 51592.640000
 51603.500000
 51611.700000
 51628.120000
 51641.740000
 51661.000000
 51679.200000
 51702.600000
 51725.960000
 51750.640000
 51775.400000
 51801.680000
 51827.960000
 51853.360000
 51877.400000
 51900.600000
 51922.080000
 51941.460000
 51958.320000
 51975.760000
 51993.660000
 52009.800000
 52024.700000
 52037.600000
 52051.400000
 52062.260000
 52079.980000
 52091.760000
 52106.920000
 52118.920000
 52132.040000
 52139.760000
 52145.060000
 52146.300000
 52146.980000
 52140.680000
 52133.640000
 52117.260000
 52103.620000
 52082.580000
 52058.420000
 52031.620000
 52000.360000
 51969.760000
 51936.760000
 51904.080000
 51874.800000
 51849.540000
 51826.260000
 51809.200000
 51807.100000
 51812.460000
 51832.320000
 51868.280000
 51919.960000
 51987.440000
 52072.300000
 52175.300000
 52295.020000
 52429.780000
 52577.760000
 52733.800000
 52892.680000
 53053.060000
 53204.720000
 53347.060000
 53475.040000
 53594.360000
 53695.960000
 53770.760000
 53835.920000
 53878.440000
 53894.940000
 53892.300000
 53867.900000
 53817.420000
 53758.980000
 53684.980000
 53601.700000
 53524.820000
 53451.700000
 53371.960000
 53313.160000
 53273.560000
 53236.040000
 53201.860000
 53158.140000
 53125.240000
 53084.040000
 53050.040000
 52997.460000
 52926.900000
 52859.680000
 52759.660000
 52679.980000
 52583.240000
 52493.420000
 52406.200000
 52304.880000
 52216.720000
 52117.040000
 52022.820000
 51951.720000
 51861.280000
 51809.640000
 51731.300000
 51661.140000
 51631.860000
 51577.860000
 51509.760000
 51498.780000
 51465.160000
 51405.620000
 51387.700000
 51362.180000
 51305.980000
 51267.940000
 51242.840000
 51185.320000
 51120.840000
 51081.300000
 51024.380000
 50942.660000
 50876.120000
 50811.840000
 50745.500000
 50672.480000
 50610.900000
 50544.020000
 50473.060000
 50412.100000
 50365.600000
 50319.900000
 50276.080000
 50254.320000
 50230.180000
 50204.160000
 50195.160000
 50174.440000
 50180.600000
 50189.600000
 50188.000000
 50195.200000
 50218.640000
 50239.400000
 50270.560000
 50316.900000
 50369.560000
 50458.540000
 50551.520000
 50689.200000
 50835.800000
 51022.260000
 51228.600000
 51452.040000
 51674.380000
 51895.100000
 52099.500000
 52282.560000
 52445.640000
 52580.420000
 52697.540000
 52795.820000
 52890.620000
 52985.580000
 53093.820000
 53227.240000
 53377.900000
 53568.300000
 53769.640000
 53967.840000
 54175.100000
 54364.780000
 54516.820000
 54638.840000
 54725.200000
 54775.300000
 54787.640000
 54771.040000
 54731.340000
 54671.540000
 54595.040000
 54503.300000
 54405.020000
 54303.600000
 54202.560000
 54105.280000
 54014.820000
 53933.360000
 53860.640000
 53803.100000
 53760.640000
 53732.180000
 53717.580000
 53716.480000
 53728.840000
 53754.000000
 53789.560000
 53831.240000
 53877.680000
 53927.280000
 53978.340000
 54028.960000
 54076.900000
 54119.960000
 54156.100000
 54186.460000
 54210.600000
 54228.800000
 54239.740000
 54242.800000
 54237.620000
 54224.260000
 54203.600000
 54177.460000
 54146.540000
 54112.560000
 54080.240000
 54047.440000
 54014.260000
 53983.380000
 53953.160000
 53924.740000
 53897.040000
 53871.360000
 53847.780000
 53827.820000
 53808.900000
 53794.640000
 53781.100000
 53774.100000
 53767.240000
 53763.200000
 53751.920000
 53739.920000
 53713.660000
 53679.200000
 53627.300000
 53555.760000
 53463.940000
 53344.040000
 53196.000000
 53017.640000
 52806.720000
 52566.040000
 52299.960000
 52015.000000
 51719.120000
 51424.000000
 51142.520000
 50883.200000
 50660.540000
 50484.900000
 50346.320000
 50264.840000
 50222.160000
 50215.100000
 50238.580000
 50277.800000
 50335.180000
 50402.120000
 50469.400000
 50543.400000
 50617.920000
 50697.820000
 50780.380000
 50858.020000
 50936.260000
 51015.780000
 51090.840000
 51163.140000
 51210.340000
 51251.940000
 51282.460000
 51283.400000
 51268.020000
 51221.920000
 51150.700000
 51053.640000
 50932.000000
 50783.780000
 50615.980000
 50434.100000
 50246.440000
 50062.260000
 49893.340000
 49745.920000
 49622.680000
 49530.600000
 49477.580000
 49440.860000
 49440.000000
 49460.820000
 49489.020000
 49549.200000
 49612.100000
 49678.960000
 49767.580000
 49853.200000
 49938.420000
 50032.980000
 50131.660000
 50216.200000
 50313.200000
 50401.000000
 50481.780000
 50572.400000
 50650.600000
 50727.220000
 50825.600000
 50918.780000
 51014.760000
 51124.660000
 51241.540000
 51359.180000
 51480.740000
 51625.600000
 51767.440000
 51906.760000
 52024.640000
 52160.720000
 52296.880000
 52402.780000
 52518.340000
 52626.760000
 52726.340000
 52801.520000
 52885.240000
 52956.260000
 53014.300000
 53064.560000
 53119.740000
 53174.700000
 53233.960000
 53296.060000
 53359.640000
 53433.300000
 53510.340000
 53588.580000
 53674.800000
 53740.960000
 53816.920000
 53876.260000
 53933.860000
 53983.800000
 54019.580000
 54050.920000
 54065.760000
 54069.460000
 54059.660000
 54037.500000
 54012.940000
 53972.100000
 53930.740000
 53880.760000
 53824.560000
 53764.720000
 53702.720000
 53637.100000
 53571.140000
 53503.760000
 53436.160000
 53365.700000
 53292.240000
 53214.520000
 53133.680000
 53046.060000
 52957.540000
 52860.560000
 52757.020000
 52648.900000
 52532.480000
 52414.420000
