2.006631
1.923958
2.075357
2.013319
1.974575
2.076497
2.003869
2.026145
2.117239
2.054205
2.026294
2.003955
2.074994
2.059327
2.058263
1.986652
1.997066
2.171322
2.146957
2.140641
2.186574
2.015461
2.214583
2.032087
2.130121
2.140131
2.105897
2.191006
2.176910
2.173474
2.191766
2.155251
2.213606
2.102392
2.151665
2.221510
2.206824
2.223844
2.062850
2.130905
2.040802
2.006204
2.041953
1.956159
1.960489
1.965151
1.861322
1.879974
1.924965
1.795114
1.736943
1.716753
1.672542
1.762522
1.566144
1.671786
1.511783
1.508351
1.533745
1.373136
1.493038
1.453555
1.328386
1.246085
1.202269
1.146883
1.293562
1.080675
1.105461
1.125975
0.988014
1.043593
1.003792
0.975444
1.016306
1.035668
0.899390
0.870553
0.784528
0.842192
0.737117
0.809744
0.830167
0.700774
0.771655
0.752162
0.769433
0.604473
0.612837
0.603886
0.670894
0.674934
0.680277
0.583875
0.616575
0.591250
0.563863
0.597592
0.533992
0.595000
0.555888
0.578288
0.593345
0.573219
0.464348
0.541929
0.386059
0.552706
0.520627
0.439993
0.442720
0.424288
0.466969
0.342723
0.461481
0.434020
0.428132
0.364656
0.344421
0.300339
0.347911
0.257807
0.272327
0.377207
0.302545
0.324075
0.281972
0.243266
0.391220
0.217774
0.328387
0.246686
0.346524
0.370607
0.339803
0.226622
0.182988
0.295587
0.240931
0.271930
0.210263
0.258157
0.344805
0.180876
0.152350
0.154472
0.300433
0.310821
0.298553
0.307167
