1.950619
1.992134
1.952432
1.852773
1.918488
1.721306
1.792476
1.728075
1.546227
1.497694
1.345271
1.339722
1.389900
1.175836
1.164664
1.178670
1.082482
0.949957
0.946096
1.012227
1.012964
0.862367
0.829230
0.845261
0.812843
0.841086
0.759661
0.646442
0.733295
0.651644
0.563475
0.585357
0.576946
0.678452
0.588959
0.552529
0.480936
0.603939
0.569460
0.575924
0.549188
0.390330
0.554128
0.543933
0.361325
0.514389
0.373997
0.406051
0.342634
0.372476
0.353129
0.295911
0.333076
0.319202
0.348157
0.440236
0.419202
0.310674
0.429235
0.240957
0.402084
0.381786
0.272477
0.230558
0.261368
0.367190
0.203579
0.223479
0.315451
0.260466
0.187387
0.237673
0.237758
0.217736
0.342965
0.208745
0.293361
0.238501
0.260232
0.324930
0.189585
0.286990
0.150327
0.299989
0.178546
0.219211
0.163093
0.273897
0.233240
0.239286
0.246941
0.281796
0.173494
0.122382
0.241012
0.242124
0.131520
0.283696
0.208916
0.201286
0.237756
0.206454
0.161226
0.096271
0.184070
0.117770
0.219636
0.180169
0.091111
0.197913
0.163724
0.171679
0.217283
0.236177
0.132932
0.186181
0.177747
0.175665
0.174926
0.151203
0.189750
0.232493
0.128467
0.074036
0.135176
0.087810
0.102343
0.150963
0.112667
0.157872
0.099763
0.076347
0.183115
0.224508
0.035294
0.041699
0.155980
0.224714
0.131149
0.196994
0.123680
0.134680
0.184430
0.025241
0.181079
0.114269
0.066419
0.138483
0.083294
0.155371
