1.990912
1.963722
1.948606
1.937703
2.010407
2.071531
1.941145
1.894458
2.057430
2.035879
1.927816
1.932253
1.855585
2.037997
1.953540
1.957225
1.994640
1.839641
1.804739
1.893033
1.943224
1.843786
1.914989
1.816152
1.897432
1.725704
1.860473
1.663036
1.711537
1.614638
1.589820
1.603827
1.639454
1.552582
1.554722
1.476725
1.627862
1.543968
1.396041
1.452246
1.407694
1.391490
1.463108
1.268179
1.385198
1.366518
1.356760
1.239536
1.323362
1.172334
1.249550
1.110601
1.193099
1.185353
1.142503
1.160811
0.962164
1.080998
0.914204
0.905882
0.926466
1.044117
0.922469
0.929626
0.811260
0.806960
0.885162
0.867008
0.786025
0.797650
0.833811
0.735121
0.718556
0.646999
0.636266
0.690185
0.742197
0.672799
0.587178
0.577825
0.720841
0.609959
0.629956
0.595426
0.586499
0.537622
0.599797
0.567188
0.449074
0.512846
0.444705
0.527935
0.424848
0.553088
0.581786
0.524002
0.519288
0.392011
0.522707
0.539992
0.445003
0.527324
0.459506
0.470403
0.476911
0.313538
0.343749
0.400995
0.399441
0.362492
0.369289
0.421882
0.283185
0.341376
0.395953
0.363926
0.307654
0.372959
0.305173
0.252472
0.298674
0.387285
0.253504
0.344493
0.337864
0.245929
0.209797
0.276309
0.196760
0.273649
0.252063
0.351827
0.339683
0.329340
0.315701
0.244635
0.181737
0.191587
0.203632
0.160423
0.239831
0.298406
0.189461
0.182978
0.221022
0.256723
0.148309
0.282863
0.228653
0.292132
