1.908150
1.945812
1.916137
2.066546
1.991798
1.957078
2.011286
2.009092
1.919078
1.875018
1.768508
1.761269
1.755437
1.814798
1.790469
1.641400
1.758527
1.650212
1.519724
1.564103
1.573718
1.421162
1.539779
1.427422
1.411630
1.320947
1.263951
1.299463
1.211124
1.243067
1.129726
1.154467
1.261102
1.131890
1.166290
1.003490
1.093591
1.101650
1.005037
0.955467
0.883944
0.934792
1.036898
0.867998
0.928573
0.931462
0.918713
0.898005
0.899859
0.715174
0.787157
0.834350
0.852320
0.818111
0.785404
0.777128
0.709563
0.630584
0.628262
0.675973
0.683716
0.689399
0.591222
0.564757
0.694435
0.616241
0.676458
0.566563
0.477945
0.526885
0.590807
0.636269
0.574739
0.515613
0.569436
0.507905
0.394652
0.391620
0.466934
0.489441
0.458213
0.417293
0.445941
0.402699
0.347276
0.355269
0.466510
0.392626
0.436193
0.486045
0.372463
0.299657
0.293007
0.382851
0.440898
0.418442
0.457022
0.258937
0.335891
0.426508
0.298396
0.389361
0.380299
0.371728
0.357864
0.361765
0.287081
0.383107
0.243586
0.206154
0.328977
0.201950
0.386312
0.294809
0.357953
0.362050
0.176759
0.206628
0.273069
0.203915
0.193514
0.169454
0.252310
0.165830
0.227301
0.341524
0.249058
0.196211
0.197434
0.234258
0.240532
0.144231
0.204880
0.121402
0.151961
0.146303
0.188597
0.307064
0.190966
0.123122
0.298021
0.160681
0.098525
0.208759
0.260942
0.203997
0.215905
0.286264
0.215529
0.162335
