1.902638
2.054257
1.964907
2.087539
2.044595
1.972014
2.005910
1.981806
2.010739
1.994594
1.958756
2.016453
2.039586
2.010659
2.107218
2.194249
2.124171
2.075174
2.271927
2.161106
2.276796
2.231040
2.197331
2.288961
2.346706
2.412518
2.487674
2.505932
2.442437
2.413698
2.591072
2.550506
2.671172
2.730733
2.736595
2.727860
2.809496
2.797071
2.725242
2.762236
2.749599
2.790858
2.825484
2.740884
2.869643
2.845108
2.714878
2.723242
2.758992
2.657265
2.674687
2.518676
2.511937
2.464697
2.398690
2.271663
2.263392
2.044566
2.127303
2.015058
1.957857
1.867318
1.721212
1.668805
1.768217
1.652660
1.475507
1.506737
1.377115
1.414866
1.306226
1.221032
1.268414
1.247646
1.269585
1.105266
1.057535
1.072758
1.131322
1.034099
1.027780
0.926226
0.947084
0.896837
0.801560
0.927574
0.892669
0.729095
0.721765
0.702491
0.653908
0.801833
0.657674
0.606580
0.736015
0.720277
0.554070
0.571079
0.704582
0.501509
0.594830
0.496439
0.520794
0.584735
0.445368
0.456828
0.421707
0.583662
0.424866
0.414937
0.471739
0.520860
0.431747
0.352132
0.425929
0.378467
0.371773
0.347881
0.402981
0.408487
0.359112
0.306152
0.429730
0.379231
0.418722
0.373274
0.289489
0.241711
0.246858
0.233744
0.332254
0.273185
0.312568
0.389671
0.231121
0.261555
0.214850
0.280560
0.202104
0.212897
0.185008
0.283363
0.307174
0.306292
0.323684
0.202286
0.156232
0.282840
0.150846
0.249295
