2.030222
2.030477
1.995059
1.942148
2.012077
2.098309
1.994892
2.064951
2.000463
1.960665
1.941821
2.003958
2.112204
2.105260
2.027146
2.016768
2.108061
2.126557
1.999040
2.128244
1.996180
1.977000
2.121954
2.061717
2.107283
1.995960
2.083408
2.097164
2.125405
1.980623
2.122968
1.985202
2.068267
2.065145
1.917146
2.001057
1.923566
1.879982
2.013310
1.812086
1.782053
1.880603
1.860926
1.757426
1.844223
1.820547
1.796152
1.623706
1.719522
1.564211
1.613198
1.483794
1.497841
1.561614
1.478107
1.443818
1.449290
1.398053
1.305442
1.278218
1.364150
1.218323
1.285266
1.276454
1.072195
1.095846
1.116999
1.040865
1.095710
1.078028
1.027449
1.037183
0.978280
0.969000
0.868374
0.926734
0.902474
0.770298
0.871236
0.879409
0.772241
0.805006
0.718102
0.731687
0.799151
0.595341
0.693690
0.731241
0.747875
0.630759
0.568564
0.570198
0.583602
0.643099
0.547593
0.593091
0.595463
0.491281
0.441443
0.561219
0.434288
0.496874
0.579700
0.450364
0.489084
0.476159
0.531165
0.451935
0.374195
0.365900
0.514623
0.446035
0.444984
0.360711
0.395327
0.317920
0.424309
0.286828
0.415137
0.295921
0.432450
0.341238
0.323922
0.340279
0.385319
0.239774
0.268143
0.262366
0.207912
0.277679
0.308314
0.292909
0.360434
0.299573
0.373057
0.277499
0.263340
0.249848
0.261103
0.241839
0.296791
0.272929
0.252959
0.162669
0.149982
0.213663
0.317958
0.240640
0.280217
0.231426
