1.947456
2.005685
1.924516
2.099625
1.929152
2.020983
2.091986
1.980697
2.045375
1.944164
1.999203
2.017169
1.948519
1.895271
2.073051
1.983177
2.036858
2.043525
1.887095
2.064724
1.920002
2.045243
2.052704
1.903648
1.851683
1.896957
1.976106
1.976412
1.966192
1.920230
1.813261
1.926973
1.752951
1.762757
1.739932
1.782837
1.760449
1.770505
1.702022
1.634617
1.581826
1.617162
1.575056
1.675965
1.534684
1.577080
1.483172
1.485123
1.524885
1.394866
1.464771
1.424551
1.337951
1.286001
1.206971
1.152311
1.136134
1.121683
1.091545
1.082205
1.169882
1.145897
1.094200
0.971561
0.979295
1.052000
1.065085
0.965872
1.002209
0.941662
0.810644
0.852438
0.832704
0.790790
0.756453
0.875490
0.816449
0.786178
0.698802
0.709184
0.761995
0.751242
0.720768
0.592153
0.668366
0.626732
0.583509
0.530504
0.685075
0.590870
0.674055
0.499110
0.501302
0.603140
0.618621
0.598206
0.522986
0.567186
0.525427
0.476666
0.473070
0.447205
0.398724
0.522607
0.460465
0.338032
0.445439
0.387170
0.367385
0.449372
0.463713
0.470956
0.299385
0.313389
0.396717
0.315929
0.276528
0.257458
0.430460
0.342506
0.353541
0.423656
0.308985
0.369075
0.383722
0.286896
0.355304
0.372985
0.310967
0.317922
0.359967
0.266811
0.322335
0.286112
0.341050
0.195776
0.323310
0.356039
0.301098
0.172381
0.176665
0.271369
0.338083
0.237072
0.258456
0.224334
0.182224
0.144027
0.306911
0.289446
