2.055439
1.960100
1.974769
2.001233
2.069023
2.006402
2.015469
2.072953
2.095951
1.967563
2.026126
2.150623
2.183958
2.045873
2.200567
2.154865
2.117122
2.306727
2.289313
2.309201
2.324056
2.409488
2.342195
2.393633
2.609090
2.617907
2.621158
2.715775
2.773566
2.891632
2.897613
3.052059
3.115859
3.274095
3.246295
3.367618
3.668221
3.732588
3.881482
4.058859
4.196158
4.437764
4.463120
4.594990
4.808502
4.908745
4.971040
5.015585
5.028255
5.129555
4.904800
4.784305
4.609873
4.492883
4.199384
4.047874
3.885651
3.677865
3.431035
3.281095
3.085656
2.851067
2.744399
2.505828
2.484753
2.167903
2.062605
2.135576
1.868739
1.750029
1.732114
1.715241
1.597667
1.584224
1.514736
1.497575
1.424834
1.355562
1.287407
1.158668
1.117110
1.132745
1.179127
1.055763
1.056029
0.995739
0.957035
0.917304
0.969649
0.800489
0.893084
0.769423
0.828403
0.682259
0.719996
0.778483
0.679055
0.678203
0.747396
0.616091
0.549147
0.669999
0.635665
0.617240
0.498876
0.540668
0.447517
0.582844
0.567574
0.606795
0.483495
0.504820
0.400957
0.385393
0.549122
0.441195
0.350955
0.416181
0.419447
0.436115
0.457753
0.342503
0.473983
0.392111
0.442108
0.423405
0.272188
0.421117
0.353321
0.270542
0.411490
0.337260
0.348778
0.283555
0.311105
0.356824
0.361943
0.207020
0.237285
0.290920
0.358197
0.273279
0.317374
0.177509
0.228019
0.335206
0.330713
0.230281
0.183792
0.307571
